inst-10-12-10-0.txt, 258728.970434, 70.954798, 44
inst-10-12-10-1.txt, 273970.320949, 96.846939, 40
inst-10-12-10-2.txt, 252770.106827, 90.193141, 46
inst-10-12-10-3.txt, 284073.027362, 80.206413, 66
inst-10-12-10-4.txt, 249891.317584, 93.067484, 27
inst-10-12-5-0.txt, 255901.573562, 37.687645, 22
inst-10-12-5-1.txt, 263560.529605, 27.643373, 20
inst-10-12-5-2.txt, 271783.368675, 42.320116, 33
inst-10-12-5-3.txt, 263751.595448, 38.179130, 26
inst-10-12-5-4.txt, 255517.904596, 23.886740, 18
inst-10-24-10-0.txt, 576754.355906, 164.867675, 56
inst-10-24-10-1.txt, 536734.658925, 183.044036, 220
inst-10-24-10-2.txt, 554725.745120, 227.551242, 110
inst-10-24-10-3.txt, 545631.740346, 236.908994, 204
inst-10-24-10-4.txt, 539894.734950, 239.952226, 206
inst-10-24-5-0.txt, 544541.998025, 72.624465, 52
inst-10-24-5-2.txt, 526371.575817, 95.518382, 48
inst-10-24-5-3.txt, 506284.014079, 101.824907, 130
inst-10-24-5-4.txt, 510716.247485, 79.766026, 109
inst-10-6-10-0.txt, 93219.451000, 17.315794, 0
inst-10-6-10-1.txt, 98493.063964, 48.370348, 3
inst-10-6-10-2.txt, 95190.965033, 44.086761, 0
inst-10-6-10-3.txt, 95188.593000, 18.265109, 0
inst-10-6-10-4.txt, 94696.541835, 49.171456, 1
inst-10-6-5-0.txt, 94480.544909, 31.536523, 1
inst-10-6-5-1.txt, 94580.377745, 30.456540, 0
inst-10-6-5-2.txt, 94891.984835, 5.429116, 1
inst-10-6-5-3.txt, 103855.177607, 30.705017, 2
inst-10-6-5-4.txt, 101224.546125, 29.726318, 2
inst-10-24-5-1.txt, 557913.854652, 111.233602, 57
