#Number of generators G :
20
#Gs :
1 2 3 4 5 6 8 9 10 11 12 13 14 16 17 18 19 20 
#Gf :
7 15 
#S :
10
#T :
72
#L :
15
#N :
5
#Gn (one line contains indices of generators at a node) :
#node 0
1 2 3 4 
#node 1
5 6 7 8 9 
#node 2
10 11 12 13 14 
#node 3
15 
#node 4
16 17 18 19 20 
#LIn (one line contains incoming lines at a node) :
#node 0
5-1 4-1 3-1 
#node 1
1-2 5-2 4-2 
#node 2
2-3 1-3 5-3 
#node 3
3-4 2-4 1-4 
#node 4
4-5 3-5 2-5 
#LOn (one line contains outgoing lines at a node) :
#node 0
1-2 1-3 1-4 
#node 1
2-3 2-4 2-5 
#node 2
3-4 3-5 3-1 
#node 3
4-5 4-1 4-2 
#node 4
5-1 5-2 5-3 
#No import group IG
#No lines in import groups IGj 
#Probability of each scenario ps : 
0.1 0.1 0.1 0.1 0.1 0.1 0.1 0.1 0.1 0.1 
#minimum load cost of generators Kg :
1000 970 700 680 450 370 480 660 665 670 1000 970 700 680 450 370 480 660 665 670 
#start-up of generators Sg :
4500 5000 550 560 900 170 260 30 30 30 4500 5000 550 560 900 170 260 30 30 30 
#marginal cost of generators Cg :
16.19 17.26 16.6 16.5 19.7 22.26 27.74 25.92 27.27 27.79 16.19 17.26 16.6 16.5 19.7 22.26 27.74 25.92 27.27 27.79 
#demand Dnst :
# at node 0
#    in scenario 0 for all time periods :
233 230 309 315 392 378 396 451 478 560 470 492 448 463 437 365 380 440 403 549 426 392 309 244 209 235 337 304 320 418 409 384 499 504 551 570 521 452 461 365 396 427 422 470 458 378 333 272 206 260 296 315 328 392 432 389 416 448 510 486 526 442 398 374 384 422 418 532 478 396 316 232 
#    in scenario 1 for all time periods :
206 263 309 342 324 361 419 466 468 554 464 528 476 504 437 365 348 361 446 560 478 378 306 255 194 277 299 315 344 365 455 470 504 521 568 600 454 489 437 344 396 409 470 554 494 356 316 269 240 263 320 380 364 422 442 389 442 487 574 498 498 426 403 349 380 378 418 549 520 418 320 230 
#    in scenario 2 for all time periods :
199 235 296 304 352 378 451 456 468 538 499 576 498 421 418 344 384 418 418 470 473 352 333 280 235 246 282 312 392 405 442 408 432 454 464 546 487 447 432 382 384 414 432 526 510 414 340 235 228 235 323 304 336 370 400 403 426 532 568 540 454 426 418 353 376 440 461 510 515 374 330 269 
#    in scenario 3 for all time periods :
199 249 313 346 380 409 437 456 504 470 545 600 470 478 398 412 368 431 413 465 473 400 323 238 197 252 272 304 356 400 386 470 494 454 557 552 521 432 408 357 384 418 480 515 478 392 306 249 218 232 296 319 332 374 396 408 463 482 487 576 476 468 422 340 364 361 442 532 489 378 309 258 
#    in scenario 4 for all time periods :
214 252 289 376 360 361 428 475 421 487 580 576 482 510 403 386 376 405 427 543 515 436 299 249 221 224 296 315 392 409 442 437 426 543 563 600 510 426 451 370 324 396 398 526 468 356 309 241 204 241 309 327 320 352 409 480 416 470 516 510 554 463 461 378 376 436 427 543 442 356 279 230 
#    in scenario 5 for all time periods :
226 255 296 342 372 352 405 442 504 476 476 528 532 416 451 374 320 427 437 504 504 436 286 235 211 272 272 323 396 370 414 470 468 532 534 522 470 416 461 378 352 409 461 521 447 365 316 269 206 274 340 361 344 396 446 398 447 538 551 504 470 437 418 378 376 418 394 487 468 427 326 224 
#    in scenario 6 for all time periods :
223 238 340 372 320 431 368 437 494 526 487 594 521 416 451 370 324 396 456 476 463 383 333 280 233 252 330 331 392 383 414 456 442 521 499 540 543 432 446 357 328 387 451 543 484 365 286 263 226 258 286 357 360 374 455 437 447 532 580 546 487 442 451 416 328 414 451 549 504 365 333 280 
#    in scenario 7 for all time periods :
226 277 272 315 344 400 419 427 432 482 522 600 470 484 456 370 344 383 456 487 442 387 275 266 194 232 289 369 388 374 423 422 468 526 470 552 515 442 418 349 344 418 398 454 478 370 296 274 216 263 306 334 392 427 386 418 499 554 493 540 470 447 475 391 368 374 403 510 489 440 337 266 
#    in scenario 8 for all time periods :
235 241 306 380 344 431 382 408 494 476 528 546 465 416 394 344 336 361 480 487 520 427 303 280 226 266 309 338 352 378 414 389 499 543 505 594 476 510 475 407 380 409 422 554 463 436 292 280 230 230 275 334 336 370 400 398 452 470 568 540 521 489 389 374 400 387 470 493 515 405 330 224 
#    in scenario 9 for all time periods :
235 272 323 312 348 378 442 389 478 543 574 528 482 473 394 399 368 436 408 470 468 396 289 252 235 255 296 331 368 440 428 475 421 543 470 534 543 432 394 336 348 400 384 454 452 387 303 260 218 258 282 376 388 422 437 456 489 454 505 540 448 504 418 361 392 370 461 470 489 400 313 232 
# at node 1
#    in scenario 0 for all time periods :
221 230 333 369 388 378 442 398 442 454 464 540 493 421 442 378 328 378 475 510 447 387 289 280 204 269 309 319 340 422 386 475 468 510 510 588 538 478 427 412 352 392 398 521 478 361 279 269 197 258 292 308 376 365 414 451 478 459 493 516 476 463 398 395 380 409 432 538 473 352 296 224 
#    in scenario 1 for all time periods :
221 263 316 334 352 409 368 451 473 482 563 552 515 484 427 344 400 422 403 482 463 378 337 235 202 246 279 380 336 418 368 403 489 526 481 528 476 499 408 370 352 405 461 532 442 431 333 277 202 263 309 304 364 378 455 413 515 515 528 588 487 442 475 349 344 422 432 465 463 427 289 244 
#    in scenario 2 for all time periods :
194 252 299 361 344 361 373 446 478 498 551 504 470 499 446 340 356 378 394 476 515 409 292 230 218 235 303 327 380 400 428 442 426 482 545 528 493 426 442 374 368 396 437 554 442 365 279 277 223 258 296 308 388 427 451 427 478 560 493 552 465 478 398 370 324 414 456 549 510 356 275 244 
#    in scenario 3 for all time periods :
197 280 316 353 320 387 428 413 421 476 493 582 504 515 475 391 372 409 461 454 478 436 272 260 218 232 289 327 336 405 373 422 520 560 476 546 476 520 427 344 320 387 403 543 416 365 316 280 214 274 333 350 392 356 455 451 458 465 534 570 526 473 418 378 392 436 480 498 437 405 279 272 
#    in scenario 4 for all time periods :
197 249 337 312 332 436 419 446 468 532 487 582 487 458 394 420 340 383 384 510 447 361 313 241 202 249 282 315 332 436 405 475 484 554 470 504 465 499 389 361 340 422 413 515 468 409 279 235 206 249 320 319 376 361 442 475 520 521 528 576 487 432 451 395 352 396 427 476 499 352 333 269 
#    in scenario 5 for all time periods :
228 255 330 350 340 431 373 446 442 498 476 540 448 520 413 357 360 422 475 448 510 440 313 224 221 238 282 357 384 436 432 418 452 510 580 528 498 494 475 340 384 396 456 454 416 396 326 230 216 269 306 380 352 387 437 403 442 538 505 480 470 437 456 412 392 352 398 454 426 356 275 235 
#    in scenario 6 for all time periods :
218 235 316 350 336 396 382 422 473 554 568 498 487 447 480 344 320 440 437 560 499 392 275 244 230 227 306 312 344 405 391 446 468 515 516 552 532 452 394 357 384 440 394 454 484 387 323 235 233 258 326 331 360 378 373 398 442 521 545 558 515 447 480 403 368 422 480 532 510 436 316 258 
#    in scenario 7 for all time periods :
209 227 303 327 332 396 455 408 504 459 516 504 454 504 480 386 360 378 461 526 478 396 316 266 226 232 313 331 348 405 455 466 447 470 557 498 459 416 432 340 328 356 437 538 458 378 316 230 233 258 330 338 348 400 423 403 421 454 476 540 549 484 398 374 344 352 451 470 478 383 296 269 
#    in scenario 8 for all time periods :
192 246 320 327 388 409 386 384 468 504 557 522 487 416 461 416 384 370 403 521 499 361 340 280 230 241 303 342 352 383 451 437 442 560 464 528 521 416 442 412 388 396 389 470 447 365 292 232 197 238 303 334 380 431 377 413 484 448 505 582 515 515 418 407 388 436 394 476 510 431 323 266 
#    in scenario 9 for all time periods :
192 280 330 365 340 392 428 389 421 538 516 564 487 458 398 382 376 409 475 448 442 414 282 238 238 238 337 338 380 436 382 446 442 504 568 492 487 489 466 340 372 383 422 526 421 400 340 266 223 227 316 376 400 400 442 437 520 487 580 510 493 494 403 353 352 431 408 504 416 370 333 260 
# at node 2
#    in scenario 0 for all time periods :
230 252 337 327 332 440 373 389 426 543 551 528 498 515 422 344 372 361 451 476 442 374 275 249 194 249 309 361 360 370 382 408 478 521 505 528 510 468 451 336 372 418 437 532 499 352 333 230 206 260 306 338 360 409 405 480 416 487 557 588 487 437 470 378 320 431 451 482 515 387 289 230 
#    in scenario 1 for all time periods :
211 238 306 334 380 387 446 432 510 493 493 504 454 504 394 340 368 370 389 560 478 370 316 260 238 244 316 304 344 409 396 475 442 560 568 522 448 432 432 416 372 409 427 476 520 352 330 244 192 244 296 350 328 422 409 475 504 560 493 546 470 447 451 391 360 392 470 538 484 440 279 249 
#    in scenario 2 for all time periods :
218 241 316 342 388 378 391 437 452 532 476 486 515 452 466 412 396 383 413 459 499 361 292 227 230 258 282 312 384 361 368 408 494 504 516 522 532 520 442 407 324 400 470 504 416 431 299 244 192 249 340 350 356 396 391 403 426 554 481 582 459 510 427 365 340 431 408 560 489 431 320 249 
#    in scenario 3 for all time periods :
206 241 289 376 348 352 437 432 452 465 580 546 526 447 403 416 340 361 432 498 442 414 272 252 233 252 292 304 344 440 373 422 499 504 464 582 487 458 408 357 344 370 475 526 504 378 337 235 226 235 309 338 324 409 423 384 484 526 539 576 532 473 461 378 356 405 422 487 520 374 279 244 
#    in scenario 4 for all time periods :
214 227 292 353 344 440 386 475 468 459 563 600 448 458 442 382 400 370 475 493 432 383 275 266 204 249 272 350 352 414 373 408 489 470 516 558 549 432 451 386 324 396 394 554 515 387 316 241 209 252 320 353 344 356 442 432 421 482 476 492 487 421 432 336 344 370 403 543 421 431 296 277 
#    in scenario 5 for all time periods :
197 266 286 331 384 396 428 437 484 476 522 588 448 426 480 412 340 400 422 515 489 418 340 244 194 230 275 361 356 387 400 394 473 543 522 564 549 458 451 357 344 400 398 470 442 422 272 258 194 255 309 353 348 374 386 398 421 493 481 528 454 426 394 357 392 418 398 549 515 387 326 280 
#    in scenario 6 for all time periods :
209 232 340 323 324 378 446 456 447 554 557 504 532 442 437 416 384 361 427 493 499 361 330 255 202 230 333 312 348 392 460 432 421 560 464 582 543 421 427 391 360 352 461 482 494 427 292 274 235 232 299 315 364 383 382 437 478 454 574 600 560 426 413 349 388 400 456 465 520 361 309 244 
#    in scenario 7 for all time periods :
209 235 282 342 344 427 396 437 484 482 522 552 560 489 437 399 320 356 456 521 489 365 330 280 240 249 279 350 400 400 368 403 494 454 557 576 482 452 480 399 372 418 451 470 478 378 275 241 228 238 316 312 352 431 460 384 458 538 545 600 498 442 446 361 364 418 384 465 504 396 320 227 
#    in scenario 8 for all time periods :
199 266 296 334 388 370 409 403 468 487 568 516 454 473 413 416 328 431 418 465 452 370 306 249 221 277 299 315 340 356 405 432 447 459 493 582 448 499 475 340 348 392 394 521 504 356 299 269 235 263 337 323 384 405 368 413 426 493 487 522 538 515 461 353 380 400 384 538 484 440 299 277 
#    in scenario 9 for all time periods :
230 263 330 357 396 356 437 427 504 538 476 498 560 432 389 340 340 365 418 504 510 392 275 238 226 255 289 319 352 431 455 389 510 549 470 582 521 473 418 395 360 352 442 482 432 405 282 249 209 230 275 350 384 422 391 451 484 482 551 534 504 520 461 403 320 400 427 476 499 440 337 238 
# at node 3
#    in scenario 0 for all time periods :
209 224 306 338 392 436 455 398 473 493 534 600 459 473 408 391 380 414 384 549 421 387 313 249 226 246 340 361 324 370 409 432 504 459 476 570 543 484 418 407 384 365 418 454 478 365 286 252 202 260 320 331 348 400 386 466 515 521 505 600 510 447 437 403 320 396 432 549 442 414 323 246 
#    in scenario 1 for all time periods :
240 277 340 380 388 418 460 427 452 532 539 540 510 437 442 370 372 400 461 498 463 378 326 241 194 246 289 376 328 374 409 427 458 554 481 582 560 473 470 412 352 396 466 459 494 414 320 274 206 249 337 380 328 405 455 466 432 454 510 564 515 515 432 340 400 431 461 515 463 383 337 244 
#    in scenario 2 for all time periods :
226 263 309 334 364 370 414 394 499 448 493 540 560 437 422 378 356 427 384 498 442 378 309 269 240 224 286 331 360 352 396 470 447 543 493 594 498 421 432 357 368 352 422 532 484 409 296 246 194 246 337 319 336 383 460 398 452 526 563 588 476 421 418 374 328 405 398 560 520 414 333 269 
#    in scenario 3 for all time periods :
199 274 303 338 376 400 373 432 421 554 574 570 470 473 384 365 348 431 427 549 452 440 323 277 214 244 272 350 332 352 432 427 458 504 476 522 448 437 446 391 356 352 413 543 515 396 272 269 197 277 340 365 388 374 455 384 504 465 464 576 465 437 384 395 348 352 451 470 447 387 330 238 
#    in scenario 4 for all time periods :
223 249 340 353 348 383 432 475 494 498 563 552 504 421 432 386 356 374 422 543 478 370 286 249 216 249 279 361 384 352 409 466 510 465 470 486 482 437 480 412 380 370 422 487 494 422 286 280 209 277 296 334 372 365 455 480 442 454 522 582 493 426 470 361 332 422 451 554 494 409 306 280 
#    in scenario 5 for all time periods :
226 244 296 312 336 418 396 413 494 448 580 552 493 458 432 382 380 352 466 504 432 378 272 280 216 277 323 369 388 361 386 413 484 482 522 558 493 473 398 374 352 387 408 465 504 374 286 277 197 263 275 346 360 370 419 394 426 498 563 570 454 463 394 365 348 374 422 498 478 405 309 272 
#    in scenario 6 for all time periods :
216 246 282 331 324 405 382 408 458 504 487 540 515 463 422 399 392 387 389 482 484 405 299 269 223 274 289 357 388 356 391 389 468 465 516 492 521 416 446 349 396 431 422 498 452 431 275 274 233 266 292 357 364 396 414 475 421 510 539 540 510 484 470 395 336 436 456 532 458 405 292 241 
#    in scenario 7 for all time periods :
218 230 337 308 360 418 451 422 463 487 464 528 493 510 456 378 368 396 470 482 426 418 282 249 230 266 292 372 352 422 455 422 437 515 534 552 487 437 408 416 348 418 446 549 463 378 309 252 218 272 330 369 328 436 391 442 489 504 481 516 487 437 466 420 368 440 408 515 452 422 326 263 
#    in scenario 8 for all time periods :
192 232 296 308 376 352 437 456 468 510 574 552 543 416 422 370 340 422 437 482 504 422 289 232 233 238 309 312 400 365 432 451 489 493 534 570 448 520 413 395 376 436 422 476 478 392 272 246 230 274 272 327 372 427 414 403 494 504 580 492 476 468 480 386 368 387 432 465 452 427 292 230 
#    in scenario 9 for all time periods :
226 235 303 346 360 370 442 437 499 549 522 480 487 520 384 382 332 365 442 538 499 356 330 238 192 255 292 380 340 361 451 461 468 515 580 546 470 494 418 353 396 400 389 515 442 436 272 263 216 244 340 353 336 378 409 422 504 470 516 600 554 484 403 386 376 405 398 459 473 396 333 260 
# at node 4
#    in scenario 0 for all time periods :
216 255 313 380 344 409 455 394 458 454 568 600 470 468 398 336 368 365 389 526 426 383 282 249 202 266 316 323 392 378 428 398 484 470 580 516 515 468 413 353 356 431 446 554 463 440 313 274 202 277 292 365 372 418 396 461 478 526 568 534 510 515 384 336 332 383 437 470 499 414 282 269 
#    in scenario 1 for all time periods :
233 274 282 369 324 409 377 384 499 549 539 558 510 468 466 365 360 414 461 526 478 361 316 232 238 263 330 331 380 352 391 442 499 454 493 588 487 416 470 378 352 418 389 510 437 436 333 269 238 280 320 369 348 405 386 442 416 532 481 480 549 510 403 378 360 400 432 498 442 361 309 269 
#    in scenario 2 for all time periods :
206 277 275 323 384 387 460 422 520 510 464 528 532 447 480 403 376 418 427 482 437 392 296 274 218 249 337 308 400 361 419 394 463 560 487 600 448 520 461 349 388 409 413 470 447 440 323 227 214 277 323 304 388 365 400 461 416 521 574 552 549 426 446 336 336 378 466 498 442 396 333 260 
#    in scenario 3 for all time periods :
199 260 275 323 324 392 460 480 473 510 557 492 504 484 384 399 336 400 413 493 510 440 303 230 216 238 320 361 400 352 377 427 426 482 545 576 493 432 418 370 376 396 470 521 426 387 303 238 199 232 340 380 344 374 368 470 432 504 499 492 554 432 394 420 400 405 418 493 520 418 292 244 
#    in scenario 4 for all time periods :
233 252 320 331 352 396 460 456 437 487 464 528 560 520 446 412 376 361 413 532 468 422 292 269 197 224 275 357 332 418 391 446 484 526 528 540 554 447 408 391 384 356 466 448 489 378 340 277 223 232 316 353 348 352 419 470 494 476 539 534 482 437 480 386 352 374 470 482 442 409 316 274 
#    in scenario 5 for all time periods :
221 235 303 312 340 396 455 418 478 498 557 558 487 426 418 412 324 392 398 521 510 370 309 241 199 255 309 304 380 436 455 461 432 454 545 564 521 442 442 386 356 400 456 493 499 431 333 249 206 258 337 323 400 374 414 475 494 493 481 582 510 426 475 407 384 414 398 521 504 365 320 272 
#    in scenario 6 for all time periods :
211 277 326 334 368 418 386 398 504 532 510 558 554 447 475 395 328 418 480 470 442 422 340 269 230 263 289 372 336 396 391 466 416 526 516 558 543 489 466 386 364 431 437 543 468 392 279 260 192 244 279 350 340 361 423 437 421 470 528 480 487 484 408 336 368 422 422 465 494 436 292 238 
#    in scenario 7 for all time periods :
226 266 275 342 400 370 442 470 458 510 516 570 549 520 418 399 388 383 403 521 416 427 340 238 226 227 309 342 396 418 460 413 494 515 510 564 560 504 461 370 348 365 389 465 515 365 337 230 192 249 306 308 380 365 423 403 484 493 516 516 465 463 446 416 328 352 470 504 520 365 306 255 
#    in scenario 8 for all time periods :
192 227 282 372 364 409 460 394 499 526 551 552 549 515 446 370 368 422 432 498 442 422 323 232 209 252 309 369 328 361 414 475 499 521 563 528 554 494 437 361 348 361 442 493 510 383 303 269 221 277 296 350 356 422 451 427 468 526 563 600 482 463 475 340 356 361 470 549 520 400 299 272 
#    in scenario 9 for all time periods :
238 235 306 312 384 427 382 394 458 448 464 492 448 416 384 403 356 405 456 459 458 374 316 263 238 272 306 342 392 400 432 451 510 493 522 588 543 473 480 391 320 409 451 470 416 374 320 272 233 238 330 369 332 431 391 437 484 493 510 558 493 437 413 344 396 361 422 454 458 370 289 249 
#Maximum capacity P+gs :
# generator 0 for all scenarios
510 410 496 455 387 446 519 387 400 464 
# generator 1 for all scenarios
382 396 414 369 491 450 501 382 469 464 
# generator 2 for all scenarios
122 140 150 146 148 153 151 118 118 113 
# generator 3 for all scenarios
155 152 147 117 117 147 105 151 104 126 
# generator 4 for all scenarios
141 160 172 190 154 160 149 164 180 177 
# generator 5 for all scenarios
84 76 84 91 85 71 65 93 74 94 
# generator 6 for all scenarios
88 84 68 82 71 97 88 91 98 82 
# generator 7 for all scenarios
51 52 61 63 61 64 65 51 48 56 
# generator 8 for all scenarios
50 45 57 52 50 49 63 59 55 56 
# generator 9 for all scenarios
63 46 61 60 46 64 44 48 60 66 
# generator 10 for all scenarios
373 428 423 391 391 487 382 364 391 455 
# generator 11 for all scenarios
460 450 432 441 396 469 441 391 491 519 
# generator 12 for all scenarios
140 153 109 116 144 143 147 126 107 143 
# generator 13 for all scenarios
133 109 114 150 148 104 120 133 148 129 
# generator 14 for all scenarios
188 144 178 154 185 159 139 186 157 130 
# generator 15 for all scenarios
69 66 65 69 77 77 70 71 83 80 
# generator 16 for all scenarios
84 94 82 100 98 82 79 81 96 96 
# generator 17 for all scenarios
58 58 51 65 61 44 56 61 46 61 
# generator 18 for all scenarios
59 53 47 55 53 55 51 65 50 51 
# generator 19 for all scenarios
58 47 45 54 51 45 64 59 49 46 
#Minimum capacity P-gs:
# generator 0 for all scenarios
129 136 153 146 168 130 129 141 140 153 
# generator 1 for all scenarios
135 169 124 176 134 134 178 141 136 159 
# generator 2 for all scenarios
17 20 20 17 19 23 19 21 21 20 
# generator 3 for all scenarios
22 20 23 18 19 22 18 20 23 18 
# generator 4 for all scenarios
30 23 26 25 30 24 22 26 23 24 
# generator 5 for all scenarios
20 17 18 17 22 18 20 22 22 20 
# generator 6 for all scenarios
20 23 30 22 28 27 30 23 25 21 
# generator 7 for all scenarios
8 10 12 11 10 10 11 11 10 9 
# generator 8 for all scenarios
10 9 11 9 12 12 11 8 11 12 
# generator 9 for all scenarios
8 12 11 8 9 10 11 9 8 12 
# generator 10 for all scenarios
120 146 144 150 142 129 178 140 165 141 
# generator 11 for all scenarios
138 174 162 135 141 171 144 120 146 156 
# generator 12 for all scenarios
16 21 18 16 16 19 23 20 22 23 
# generator 13 for all scenarios
22 17 18 24 22 18 17 17 22 17 
# generator 14 for all scenarios
22 30 28 28 20 30 29 26 28 28 
# generator 15 for all scenarios
16 21 22 18 19 18 22 22 16 16 
# generator 16 for all scenarios
23 24 25 22 29 26 29 21 26 21 
# generator 17 for all scenarios
11 11 8 8 11 9 8 10 8 10 
# generator 18 for all scenarios
11 10 10 10 10 9 12 10 11 12 
# generator 19 for all scenarios
9 12 11 10 9 8 12 8 8 8 
#Maximum ramping for all generators R+g :
250 250 80 80 25 20 25 10 10 10 250 250 80 80 25 20 25 10 10 10 
#Minimum ramping for all generators R-g :
150 150 20 20 25 20 25 10 10 10 150 150 20 20 25 20 25 10 10 10 
#Minimum up time for all generators UTg :
8 8 5 5 6 3 3 1 1 1 8 8 5 5 6 3 3 1 1 1 
#Minimum down time for all generators DTg :
8 8 5 5 6 3 3 1 1 1 8 8 5 5 6 3 3 1 1 1 
#Number of period : N=T
#Total reserve for all time periods Tt : 
60.0 70.0 85.0 95.0 100.0 110.0 115.0 120.0 130.0 140.0 145.0 150.0 140.0 130.0 120.0 105.0 100.0 110.0 120.0 140.0 130.0 110.0 85.0 70.0 60.0 70.0 85.0 95.0 100.0 110.0 115.0 120.0 130.0 140.0 145.0 150.0 140.0 130.0 120.0 105.0 100.0 110.0 120.0 140.0 130.0 110.0 85.0 70.0 60.0 70.0 85.0 95.0 100.0 110.0 115.0 120.0 130.0 140.0 145.0 150.0 140.0 130.0 120.0 105.0 100.0 110.0 120.0 140.0 130.0 110.0 85.0 70.0 
#Fast reserve for all time periods Ft : 
3.0 3.5 4.25 4.75 5.0 5.5 5.75 6.0 6.5 7.0 7.25 7.5 7.0 6.5 6.0 5.25 5.0 5.5 6.0 7.0 6.5 5.5 4.25 3.5 3.0 3.5 4.25 4.75 5.0 5.5 5.75 6.0 6.5 7.0 7.25 7.5 7.0 6.5 6.0 5.25 5.0 5.5 6.0 7.0 6.5 5.5 4.25 3.5 3.0 3.5 4.25 4.75 5.0 5.5 5.75 6.0 6.5 7.0 7.25 7.5 7.0 6.5 6.0 5.25 5.0 5.5 6.0 7.0 6.5 5.5 4.25 3.5 
#Susceptance Bls : 
#Line 0 in all scenarios
0.81 0.73 0.8 0.7 0.84 0.6 0.64 0.85 0.86 0.61 
#Line 1 in all scenarios
0.62 0.65 0.78 0.86 0.65 0.62 0.74 0.88 0.64 0.78 
#Line 2 in all scenarios
0.81 0.84 0.89 0.61 0.7 0.76 0.86 0.67 0.65 0.79 
#Line 3 in all scenarios
0.83 0.76 0.6 0.7 0.62 0.75 0.77 0.68 0.8 0.61 
#Line 4 in all scenarios
0.67 0.77 0.68 0.83 0.79 0.66 0.75 0.85 0.7 0.62 
#Line 5 in all scenarios
0.66 0.72 0.69 0.61 0.74 0.62 0.86 0.67 0.61 0.7 
#Line 6 in all scenarios
0.8 0.84 0.86 0.63 0.72 0.6 0.75 0.77 0.62 0.87 
#Line 7 in all scenarios
0.69 0.82 0.79 0.66 0.6 0.79 0.72 0.88 0.72 0.64 
#Line 8 in all scenarios
0.73 0.72 0.73 0.71 0.62 0.64 0.66 0.75 0.84 0.85 
#Line 9 in all scenarios
0.71 0.87 0.6 0.85 0.61 0.85 0.74 0.64 0.64 0.61 
#Line 10 in all scenarios
0.67 0.61 0.85 0.89 0.9 0.86 0.74 0.8 0.74 0.79 
#Line 11 in all scenarios
0.88 0.66 0.86 0.68 0.72 0.87 0.82 0.79 0.75 0.78 
#Line 12 in all scenarios
0.69 0.75 0.62 0.68 0.67 0.75 0.66 0.73 0.68 0.66 
#Line 13 in all scenarios
0.9 0.67 0.86 0.67 0.77 0.78 0.88 0.6 0.87 0.83 
#Line 14 in all scenarios
0.7 0.71 0.79 0.67 0.68 0.68 0.72 0.75 0.65 0.88 
#Maximum capacity of all lines TCl : 
667 667 667 667 667 667 667 667 667 667 667 667 667 667 667 
#Fast reserve limit of all generators FRg : 
250 250 80 80 25 20 25 10 10 10 250 250 80 80 25 20 25 10 10 10 
#No import groups ICj 
#No polarity gamma-jl 
