#Number of generators G :
20
#Gs :
1 4 5 6 7 9 11 12 13 14 15 16 19 20 
#Gf :
2 3 8 10 17 18 
#S :
10
#T :
48
#L :
24
#N :
8
#Gn (one line contains indices of generators at a node) :
#node 0
1 2 3 4 
#node 1
5 6 7 
#node 2
8 9 10 11 12 
#node 3
13 14 
#node 4
15 16 
#node 5
17 18 
#node 6
19 
#node 7
20 
#LIn (one line contains incoming lines at a node) :
#node 0
8-1 7-1 6-1 
#node 1
1-2 8-2 7-2 
#node 2
2-3 1-3 8-3 
#node 3
3-4 2-4 1-4 
#node 4
4-5 3-5 2-5 
#node 5
5-6 4-6 3-6 
#node 6
6-7 5-7 4-7 
#node 7
7-8 6-8 5-8 
#LOn (one line contains outgoing lines at a node) :
#node 0
1-2 1-3 1-4 
#node 1
2-3 2-4 2-5 
#node 2
3-4 3-5 3-6 
#node 3
4-5 4-6 4-7 
#node 4
5-6 5-7 5-8 
#node 5
6-7 6-8 6-1 
#node 6
7-8 7-1 7-2 
#node 7
8-1 8-2 8-3 
#No import group IG
#No lines in import groups IGj 
#Probability of each scenario ps : 
0.1 0.1 0.1 0.1 0.1 0.1 0.1 0.1 0.1 0.1 
#minimum load cost of generators Kg :
1000 970 700 680 450 370 480 660 665 670 1000 970 700 680 450 370 480 660 665 670 
#start-up of generators Sg :
4500 5000 550 560 900 170 260 30 30 30 4500 5000 550 560 900 170 260 30 30 30 
#marginal cost of generators Cg :
16.19 17.26 16.6 16.5 19.7 22.26 27.74 25.92 27.27 27.79 16.19 17.26 16.6 16.5 19.7 22.26 27.74 25.92 27.27 27.79 
#demand Dnst :
# at node 0
#    in scenario 0 for all time periods :
124 173 193 228 210 264 282 261 289 308 312 352 301 292 249 220 238 264 297 340 299 226 191 158 130 147 196 223 235 220 270 300 283 287 344 341 336 266 255 262 242 250 279 350 299 270 208 149 
#    in scenario 1 for all time periods :
128 149 196 202 228 253 264 276 318 284 359 322 312 312 291 249 230 256 240 284 283 223 198 168 123 168 172 200 230 270 259 240 270 301 348 341 318 299 288 226 225 231 297 336 312 228 196 173 
#    in scenario 2 for all time periods :
126 172 200 207 215 258 273 249 296 343 341 319 304 322 282 239 222 236 279 350 309 275 189 152 141 156 189 211 240 242 244 294 325 322 319 300 284 325 282 231 245 236 243 304 280 239 198 168 
#    in scenario 3 for all time periods :
135 172 181 235 215 275 239 291 299 336 344 338 336 292 291 210 232 261 240 336 270 264 172 170 130 170 178 197 205 228 273 249 286 312 323 341 301 270 297 210 200 223 282 315 270 250 193 144 
#    in scenario 4 for all time periods :
138 168 170 195 202 256 264 249 280 280 344 322 304 260 282 220 250 275 291 298 309 231 204 154 130 154 174 202 248 270 244 282 270 318 304 315 326 302 276 223 238 253 273 298 309 250 172 154 
#    in scenario 5 for all time periods :
122 175 193 238 220 267 288 249 318 280 294 319 280 302 276 247 248 267 285 312 315 258 210 142 148 159 202 226 250 220 230 297 318 315 323 338 318 312 249 226 215 236 255 346 286 226 191 156 
#    in scenario 6 for all time periods :
128 166 170 204 210 236 244 279 302 350 319 368 301 292 297 234 228 245 255 346 312 242 193 144 148 145 196 204 232 256 233 267 302 304 359 375 312 283 261 242 250 264 294 290 276 220 181 173 
#    in scenario 7 for all time periods :
130 144 181 238 250 258 282 240 286 290 319 356 301 296 252 249 222 220 291 329 283 234 208 154 140 144 172 204 232 223 256 276 302 312 359 304 304 263 255 239 202 228 249 308 283 275 206 170 
#    in scenario 8 for all time periods :
132 140 174 207 225 231 279 252 270 332 341 300 322 302 258 228 248 250 261 280 283 236 196 163 124 159 200 204 208 245 288 270 273 350 326 349 298 283 240 228 205 267 294 298 312 275 181 154 
#    in scenario 9 for all time periods :
146 144 174 207 200 261 256 294 309 308 312 375 290 299 264 260 200 220 258 343 283 264 193 168 141 142 193 226 200 256 264 288 292 301 341 338 298 280 297 247 222 223 273 287 296 245 174 150 
# at node 1
#    in scenario 0 for all time periods :
140 145 183 209 212 250 276 249 299 308 308 319 329 266 273 247 248 264 249 304 315 261 172 142 122 166 174 197 220 250 247 291 292 318 330 334 315 322 276 242 200 223 294 304 260 223 198 168 
#    in scenario 1 for all time periods :
129 149 206 226 228 242 262 264 266 336 308 308 294 280 279 257 220 258 240 287 318 250 204 175 123 144 189 202 215 234 276 300 302 290 301 330 346 266 258 218 250 261 246 294 276 275 202 164 
#    in scenario 2 for all time periods :
123 164 198 192 230 239 239 252 306 294 337 345 322 263 261 234 245 228 285 284 266 261 176 172 138 140 200 211 238 261 233 276 302 336 312 334 318 273 252 244 212 248 297 350 266 248 206 144 
#    in scenario 3 for all time periods :
122 159 212 209 212 228 244 261 322 287 341 352 346 302 270 220 228 242 285 315 312 226 200 149 140 142 191 207 225 239 267 279 266 294 315 330 322 260 264 220 212 250 267 301 315 253 189 159 
#    in scenario 4 for all time periods :
138 164 193 207 202 275 236 285 280 301 334 308 350 299 252 220 215 275 264 343 263 261 170 154 128 172 176 235 225 239 242 252 312 294 362 349 340 276 294 252 222 256 240 280 315 239 170 150 
#    in scenario 5 for all time periods :
130 144 187 192 205 228 270 249 292 312 352 375 322 283 249 262 232 267 255 312 276 267 187 173 123 164 187 214 230 248 273 252 283 322 326 371 329 276 270 244 248 220 282 315 312 239 176 164 
#    in scenario 6 for all time periods :
138 140 185 223 240 226 256 243 280 340 330 326 322 270 297 213 218 272 249 304 318 220 212 142 141 172 210 235 215 242 250 273 296 318 297 345 318 280 246 220 232 242 252 350 302 242 202 166 
#    in scenario 7 for all time periods :
124 144 198 190 205 226 276 288 280 287 326 322 326 302 249 255 208 228 285 332 266 267 178 142 134 161 206 192 212 250 244 264 302 346 312 330 329 266 246 242 208 264 273 304 280 248 196 154 
#    in scenario 8 for all time periods :
135 159 212 192 225 231 285 243 299 298 334 352 304 292 288 226 220 234 267 336 263 272 189 145 150 164 204 223 230 228 236 285 270 322 308 330 280 322 267 239 210 253 276 340 266 258 202 173 
#    in scenario 9 for all time periods :
129 161 178 204 208 250 276 270 302 290 308 319 290 263 249 228 208 226 300 284 286 239 189 140 146 173 185 211 245 261 267 249 309 280 304 311 301 309 270 228 245 275 285 329 296 234 181 172 
# at node 2
#    in scenario 0 for all time periods :
134 154 198 195 205 234 288 267 315 322 326 338 340 299 243 215 245 226 285 346 302 223 191 145 135 170 187 192 235 275 273 279 260 308 312 371 326 299 285 242 235 223 261 301 299 272 170 154 
#    in scenario 1 for all time periods :
144 161 176 228 218 236 270 270 266 315 362 352 308 270 297 255 212 223 276 336 309 228 193 159 147 145 178 216 215 272 262 279 260 346 362 352 290 280 279 236 200 242 273 312 266 275 208 158 
#    in scenario 2 for all time periods :
148 172 189 209 225 231 267 276 280 298 315 364 332 292 261 249 222 258 297 336 299 223 196 156 147 140 208 211 238 270 247 279 309 287 301 308 301 270 261 213 250 261 264 329 296 245 181 172 
#    in scenario 3 for all time periods :
122 173 193 218 220 226 264 270 302 350 334 315 318 276 276 234 215 234 252 312 302 242 174 168 122 156 181 200 212 245 270 294 266 329 326 326 308 260 243 231 212 250 267 322 299 231 176 154 
#    in scenario 4 for all time periods :
136 152 206 192 230 272 264 258 299 290 312 308 343 302 264 213 218 272 240 280 299 228 198 145 140 159 178 207 218 234 267 246 266 350 323 322 290 283 264 210 235 270 294 287 306 248 178 159 
#    in scenario 5 for all time periods :
135 161 185 226 235 272 282 294 315 326 315 322 336 286 273 244 205 250 276 336 276 250 210 147 136 163 178 204 220 231 279 255 296 312 294 356 301 289 273 260 215 226 261 287 260 256 172 170 
#    in scenario 6 for all time periods :
120 158 193 192 248 223 242 285 325 312 308 349 304 325 294 223 232 275 249 312 296 256 172 158 130 161 191 195 210 245 256 240 296 298 290 322 350 273 264 226 212 239 246 301 289 236 193 144 
#    in scenario 7 for all time periods :
148 172 202 200 218 267 250 243 296 346 341 345 322 286 285 210 230 220 249 290 292 231 176 144 128 154 176 235 210 275 273 246 318 315 319 338 336 260 264 223 212 275 285 336 309 223 176 147 
#    in scenario 8 for all time periods :
150 166 210 238 208 242 288 300 280 318 312 330 350 283 246 213 225 234 255 340 283 234 202 159 135 159 212 207 238 275 236 291 289 322 304 315 336 299 297 228 220 267 288 350 280 223 191 168 
#    in scenario 9 for all time periods :
129 163 204 238 202 245 247 261 318 318 323 360 315 289 279 228 225 234 300 332 296 275 183 170 123 140 196 200 208 272 267 264 266 284 290 322 326 263 291 257 245 272 276 340 315 242 202 152 
# at node 3
#    in scenario 0 for all time periods :
130 140 204 221 218 272 230 267 299 332 297 345 346 306 264 244 215 231 267 298 283 245 181 158 124 140 183 209 222 239 239 255 276 350 301 311 329 312 252 247 238 275 279 343 270 234 210 159 
#    in scenario 1 for all time periods :
122 170 189 216 215 226 253 297 280 332 312 371 290 296 288 213 220 272 273 301 289 250 181 161 130 163 202 230 235 231 262 258 309 312 297 315 280 292 300 210 220 234 288 340 263 239 174 164 
#    in scenario 2 for all time periods :
124 173 206 214 220 261 267 240 273 312 297 326 346 302 291 239 200 220 252 287 273 234 189 172 142 147 200 233 225 220 273 252 276 346 301 330 343 325 279 239 202 253 246 315 315 258 200 166 
#    in scenario 3 for all time periods :
122 164 208 214 225 253 230 243 318 332 344 368 332 309 264 236 242 264 249 280 296 250 185 142 138 145 176 211 248 220 236 291 315 287 304 352 298 276 261 257 225 239 267 329 322 239 191 150 
#    in scenario 4 for all time periods :
129 172 178 226 248 272 244 246 299 287 330 375 332 273 282 223 235 236 300 350 296 226 185 175 130 140 172 216 250 245 264 297 309 350 304 349 290 296 273 228 202 220 258 315 322 267 172 140 
#    in scenario 5 for all time periods :
129 158 172 228 242 258 285 282 266 287 297 311 315 260 282 218 202 267 258 326 292 220 178 149 146 161 210 235 230 220 253 246 325 343 290 356 322 260 300 239 230 228 282 284 302 250 170 144 
#    in scenario 6 for all time periods :
136 156 204 211 212 248 247 264 318 322 334 319 322 302 240 228 218 253 291 340 273 248 206 170 138 173 174 223 220 234 239 279 280 340 359 349 318 322 249 247 238 270 243 350 286 270 187 147 
#    in scenario 7 for all time periods :
123 163 181 218 250 270 267 297 270 280 337 322 301 299 288 210 248 253 279 322 283 220 176 175 123 144 210 204 212 267 270 300 266 312 301 338 315 263 291 242 215 270 285 350 296 231 183 166 
#    in scenario 8 for all time periods :
144 163 198 190 218 245 276 285 306 332 326 326 322 286 264 252 248 248 246 326 312 256 206 164 123 173 202 228 230 223 244 297 270 294 344 371 301 296 276 247 222 261 300 298 263 270 212 152 
#    in scenario 9 for all time periods :
147 149 202 228 232 258 262 240 266 340 297 319 312 322 252 234 212 220 279 294 312 226 183 161 130 147 189 190 208 256 264 261 273 318 355 300 304 273 285 252 220 267 252 312 322 248 202 164 
# at node 4
#    in scenario 0 for all time periods :
140 150 202 211 245 272 279 258 322 326 294 308 294 270 297 231 250 256 270 284 312 231 178 156 123 158 206 238 222 223 253 285 325 284 362 345 343 276 246 244 232 267 246 346 299 272 189 144 
#    in scenario 1 for all time periods :
148 166 178 238 248 228 253 267 280 329 359 319 312 309 288 213 250 245 264 336 312 242 212 152 126 164 181 214 245 253 279 273 289 326 352 352 329 286 279 231 232 248 264 312 315 256 198 170 
#    in scenario 2 for all time periods :
123 149 206 230 228 234 270 300 302 304 352 364 318 322 270 242 242 242 270 315 283 264 174 142 132 152 196 228 212 253 253 270 276 294 337 326 315 286 258 223 205 250 243 312 296 267 183 156 
#    in scenario 3 for all time periods :
130 145 212 197 218 228 244 291 270 312 355 338 304 315 246 255 230 245 258 280 315 258 181 166 134 175 172 228 238 242 250 279 266 304 294 300 294 263 285 223 212 250 300 322 309 248 204 168 
#    in scenario 4 for all time periods :
144 150 193 197 240 234 288 243 312 294 319 356 290 283 255 226 208 239 291 280 318 258 206 152 142 152 212 197 242 250 239 288 280 346 352 330 322 325 252 247 232 272 279 343 286 248 204 149 
#    in scenario 5 for all time periods :
144 144 193 226 228 236 256 258 296 312 290 338 315 286 243 257 218 250 270 280 260 272 187 168 147 172 178 207 238 270 244 270 266 318 319 338 304 286 255 213 228 270 279 308 266 248 204 149 
#    in scenario 6 for all time periods :
148 172 189 202 210 258 282 246 302 332 334 300 343 280 270 249 218 226 279 326 273 275 208 168 150 163 183 209 235 226 230 282 263 322 362 326 336 263 300 220 215 248 279 336 302 248 210 144 
#    in scenario 7 for all time periods :
128 175 187 226 205 267 233 276 315 308 312 341 284 325 300 226 242 275 267 343 273 220 181 147 150 147 170 204 205 236 279 255 296 315 355 356 294 286 252 213 242 234 267 343 296 270 170 152 
#    in scenario 8 for all time periods :
126 172 202 221 235 253 256 294 280 326 362 334 340 318 240 218 232 272 252 350 322 258 183 172 135 140 181 221 215 267 244 291 283 350 294 371 318 266 294 218 222 220 273 322 299 223 212 142 
#    in scenario 9 for all time periods :
129 163 202 207 248 267 253 300 309 343 304 311 340 263 252 231 202 223 252 298 325 242 181 172 123 168 202 202 225 228 233 279 312 304 319 311 343 276 258 228 232 261 249 284 280 245 196 173 
# at node 5
#    in scenario 0 for all time periods :
123 147 183 202 248 234 242 297 299 284 362 341 329 325 261 228 208 272 288 346 263 258 181 173 140 149 200 197 232 228 244 246 325 284 312 371 304 286 267 213 242 245 279 326 280 248 183 175 
#    in scenario 1 for all time periods :
120 175 189 207 240 264 247 267 273 312 337 319 332 322 252 260 238 239 291 312 286 220 170 164 150 149 191 195 228 256 285 279 292 301 337 308 284 270 282 244 225 253 252 350 302 267 208 172 
#    in scenario 2 for all time periods :
130 163 187 192 235 234 288 249 302 315 315 352 301 270 285 226 210 236 279 301 273 248 210 152 141 156 189 197 238 228 256 240 318 284 319 326 350 296 243 262 248 231 300 329 286 261 176 145 
#    in scenario 3 for all time periods :
128 152 187 223 250 267 273 243 270 343 334 368 287 325 270 239 245 272 294 294 292 239 185 154 130 150 176 216 200 220 273 246 325 287 355 341 308 260 246 231 220 267 240 284 276 270 202 150 
#    in scenario 4 for all time periods :
138 161 172 238 228 231 267 294 292 290 326 345 290 263 288 260 250 275 252 298 315 270 185 158 124 164 178 226 215 264 288 258 266 290 297 345 301 306 285 226 240 228 276 312 312 272 185 152 
#    in scenario 5 for all time periods :
141 175 198 211 230 272 256 282 312 301 352 368 340 266 249 210 205 267 240 312 309 236 187 163 136 159 206 226 225 226 242 282 286 312 337 300 312 312 282 242 205 253 243 343 266 234 176 149 
#    in scenario 6 for all time periods :
141 144 206 223 250 228 244 243 283 340 290 330 308 315 249 223 205 226 279 336 289 250 204 159 146 149 181 209 232 223 256 246 286 326 359 322 312 292 249 257 202 236 261 280 318 267 210 164 
#    in scenario 7 for all time periods :
120 161 204 192 208 228 276 267 292 336 337 364 336 266 276 220 200 270 282 322 266 239 210 170 144 164 212 233 202 228 267 291 318 332 344 352 290 318 282 252 225 234 255 308 296 272 191 163 
#    in scenario 8 for all time periods :
122 170 178 223 212 245 262 246 306 280 355 304 298 322 249 239 240 226 294 315 273 245 170 147 124 166 191 235 245 245 239 270 318 336 301 364 301 289 300 249 218 223 276 298 302 223 198 144 
#    in scenario 9 for all time periods :
120 140 210 211 210 248 264 258 273 318 341 341 336 312 252 255 212 228 279 322 309 253 187 152 142 149 212 200 238 250 233 300 263 336 301 360 304 309 294 262 232 250 264 294 266 256 202 164 
# at node 6
#    in scenario 0 for all time periods :
140 145 172 197 225 256 285 300 292 318 334 360 343 325 297 255 228 272 282 284 296 223 193 144 126 144 172 228 242 220 233 270 309 301 308 308 336 276 297 244 218 226 258 280 260 234 185 150 
#    in scenario 1 for all time periods :
136 163 187 197 232 272 267 285 283 336 352 364 294 276 294 252 248 248 270 343 273 264 172 175 134 149 185 214 208 261 276 252 315 336 348 341 329 266 258 244 212 264 255 336 263 270 210 161 
#    in scenario 2 for all time periods :
129 140 176 207 250 231 247 246 312 346 355 352 346 322 273 262 212 267 240 332 318 245 206 163 144 150 202 223 238 248 259 285 276 284 297 368 350 276 285 231 200 231 267 350 302 228 200 149 
#    in scenario 3 for all time periods :
120 166 202 223 218 242 239 252 292 343 301 326 350 312 246 247 235 275 255 322 276 272 210 150 122 152 189 238 215 236 282 249 276 326 304 334 350 292 285 262 240 228 240 318 283 220 172 159 
#    in scenario 4 for all time periods :
150 173 178 228 235 245 276 249 299 343 355 322 332 273 240 228 218 223 240 336 322 264 183 156 128 172 183 238 242 226 250 255 325 336 326 319 332 315 288 220 200 228 261 287 292 248 202 154 
#    in scenario 5 for all time periods :
138 175 189 223 220 234 279 273 318 346 326 360 298 315 291 249 230 258 285 326 292 248 189 164 146 145 193 230 245 272 239 258 318 343 294 375 332 309 270 226 245 242 291 343 263 242 187 170 
#    in scenario 6 for all time periods :
138 159 170 197 228 231 267 243 263 284 344 304 332 260 297 234 215 267 249 287 260 234 183 166 120 152 176 190 240 275 259 282 299 318 344 330 308 260 300 257 208 242 285 284 296 248 170 158 
#    in scenario 7 for all time periods :
148 150 172 192 222 275 270 243 266 301 319 352 322 286 279 255 245 250 297 326 315 242 212 154 129 149 196 218 245 275 264 285 312 284 308 308 329 292 249 228 232 250 270 298 296 267 202 156 
#    in scenario 8 for all time periods :
129 175 185 207 208 228 262 288 276 298 352 308 318 276 258 239 202 239 249 322 302 258 170 140 140 170 200 235 248 245 285 288 299 298 308 326 284 263 246 236 222 239 288 290 318 264 170 150 
#    in scenario 9 for all time periods :
123 144 178 195 238 231 250 261 299 315 297 349 332 260 255 247 205 256 294 284 296 253 170 166 150 149 181 202 225 272 262 267 306 350 337 360 294 315 243 247 205 220 249 308 302 275 172 161 
# at node 7
#    in scenario 0 for all time periods :
130 140 193 211 205 236 264 267 318 280 362 311 304 325 282 226 248 272 255 322 260 245 204 144 147 170 206 211 200 250 282 282 276 284 290 341 350 312 300 244 218 223 288 280 283 226 198 149 
#    in scenario 1 for all time periods :
146 145 176 216 228 245 244 276 302 318 344 311 343 283 297 228 248 267 270 290 270 272 196 142 147 175 187 202 248 267 256 255 322 326 304 304 326 280 285 234 225 264 252 284 325 272 191 145 
#    in scenario 2 for all time periods :
128 142 172 202 242 253 262 249 260 308 330 330 318 286 270 218 200 248 255 290 299 275 174 172 147 154 196 190 245 272 270 285 280 304 362 345 308 306 246 236 248 236 276 298 266 267 200 172 
#    in scenario 3 for all time periods :
129 149 204 204 245 220 253 291 299 340 341 371 298 302 267 260 205 253 297 301 283 250 185 159 124 170 183 238 240 231 242 240 280 301 337 330 280 322 264 247 212 250 291 340 325 272 176 156 
#    in scenario 4 for all time periods :
140 172 193 197 238 236 256 300 273 350 341 300 308 315 240 249 238 231 273 287 322 272 208 144 129 152 178 221 238 258 250 282 322 312 330 315 287 280 246 234 242 250 273 332 309 256 183 150 
#    in scenario 5 for all time periods :
126 152 202 202 202 242 267 282 309 287 312 304 326 283 249 252 240 275 267 284 306 270 176 170 135 161 189 200 232 248 247 297 325 315 337 315 301 318 246 213 232 258 252 294 325 234 212 144 
#    in scenario 6 for all time periods :
142 149 172 223 238 272 288 240 299 298 308 345 332 325 264 228 202 242 279 287 276 223 212 164 134 149 212 223 250 261 247 261 280 280 337 345 315 266 267 228 215 228 255 343 299 226 191 166 
#    in scenario 7 for all time periods :
134 161 178 223 215 258 233 279 270 301 315 352 287 263 297 239 238 223 294 284 325 253 198 147 129 156 185 204 218 253 267 255 273 346 308 364 340 322 255 231 235 267 249 322 292 258 178 168 
#    in scenario 8 for all time periods :
126 154 185 218 232 220 256 294 280 312 355 349 332 273 273 247 242 226 282 318 280 245 208 149 134 142 183 207 215 264 259 270 309 318 355 360 284 318 294 244 215 220 273 332 318 248 172 158 
#    in scenario 9 for all time periods :
144 140 176 218 202 261 270 288 292 290 334 338 332 273 243 255 220 270 261 318 312 239 183 152 136 150 191 235 210 264 250 240 306 301 294 371 332 260 282 236 250 267 261 312 318 239 210 149 
#Maximum capacity P+gs :
# generator 0 for all scenarios
423 400 432 469 387 482 378 505 414 432 
# generator 1 for all scenarios
469 469 469 455 469 378 441 491 482 446 
# generator 2 for all scenarios
118 142 143 147 131 109 130 108 143 104 
# generator 3 for all scenarios
127 130 124 143 142 116 122 108 147 117 
# generator 4 for all scenarios
141 151 146 177 156 173 143 193 130 168 
# generator 5 for all scenarios
88 73 84 72 91 86 70 91 64 71 
# generator 6 for all scenarios
86 98 87 94 94 72 96 75 83 79 
# generator 7 for all scenarios
65 57 50 48 58 61 48 66 61 47 
# generator 8 for all scenarios
64 56 53 47 46 49 64 53 47 53 
# generator 9 for all scenarios
47 47 63 55 45 59 52 56 54 49 
# generator 10 for all scenarios
391 419 387 423 519 469 391 496 446 541 
# generator 11 for all scenarios
423 405 405 432 414 496 491 519 378 364 
# generator 12 for all scenarios
109 153 142 114 108 142 112 122 153 152 
# generator 13 for all scenarios
127 118 127 134 156 130 155 151 127 147 
# generator 14 for all scenarios
144 168 159 131 147 152 144 133 159 191 
# generator 15 for all scenarios
84 80 66 78 70 79 82 79 92 90 
# generator 16 for all scenarios
90 94 71 75 73 83 100 94 97 91 
# generator 17 for all scenarios
53 59 48 58 48 48 56 54 64 59 
# generator 18 for all scenarios
58 63 48 53 58 58 45 48 52 47 
# generator 19 for all scenarios
60 64 64 50 61 54 66 63 61 48 
#Minimum capacity P-gs:
# generator 0 for all scenarios
158 122 134 124 140 120 152 138 141 164 
# generator 1 for all scenarios
141 130 123 142 122 162 126 154 152 176 
# generator 2 for all scenarios
20 16 17 20 21 20 24 22 24 21 
# generator 3 for all scenarios
16 17 22 18 17 18 20 17 23 23 
# generator 4 for all scenarios
22 23 25 26 30 27 30 27 23 20 
# generator 5 for all scenarios
21 20 19 21 22 23 17 16 16 23 
# generator 6 for all scenarios
26 28 29 22 20 29 22 20 20 30 
# generator 7 for all scenarios
9 8 8 12 11 9 10 9 11 10 
# generator 8 for all scenarios
11 9 11 8 10 9 11 11 9 8 
# generator 9 for all scenarios
9 9 11 11 10 11 10 8 8 9 
# generator 10 for all scenarios
148 156 159 129 141 176 171 142 169 120 
# generator 11 for all scenarios
138 147 176 134 152 169 130 148 178 154 
# generator 12 for all scenarios
19 21 24 23 19 21 19 18 17 21 
# generator 13 for all scenarios
18 21 18 23 16 19 17 18 22 20 
# generator 14 for all scenarios
26 28 26 26 28 20 25 25 29 29 
# generator 15 for all scenarios
21 19 23 23 19 22 18 20 18 21 
# generator 16 for all scenarios
20 22 21 24 20 23 20 27 28 24 
# generator 17 for all scenarios
9 8 10 11 9 9 8 10 10 12 
# generator 18 for all scenarios
10 12 9 11 12 9 9 9 9 9 
# generator 19 for all scenarios
9 10 10 9 11 9 10 11 10 9 
#Maximum ramping for all generators R+g :
250 250 80 80 25 20 25 10 10 10 250 250 80 80 25 20 25 10 10 10 
#Minimum ramping for all generators R-g :
150 150 20 20 25 20 25 10 10 10 150 150 20 20 25 20 25 10 10 10 
#Minimum up time for all generators UTg :
8 8 5 5 6 3 3 1 1 1 8 8 5 5 6 3 3 1 1 1 
#Minimum down time for all generators DTg :
8 8 5 5 6 3 3 1 1 1 8 8 5 5 6 3 3 1 1 1 
#Number of period : N=T
#Total reserve for all time periods Tt : 
60.0 70.0 85.0 95.0 100.0 110.0 115.0 120.0 130.0 140.0 145.0 150.0 140.0 130.0 120.0 105.0 100.0 110.0 120.0 140.0 130.0 110.0 85.0 70.0 60.0 70.0 85.0 95.0 100.0 110.0 115.0 120.0 130.0 140.0 145.0 150.0 140.0 130.0 120.0 105.0 100.0 110.0 120.0 140.0 130.0 110.0 85.0 70.0 
#Fast reserve for all time periods Ft : 
9.0 10.5 12.75 14.25 15.0 16.5 17.25 18.0 19.5 21.0 21.75 22.5 21.0 19.5 18.0 15.75 15.0 16.5 18.0 21.0 19.5 16.5 12.75 10.5 9.0 10.5 12.75 14.25 15.0 16.5 17.25 18.0 19.5 21.0 21.75 22.5 21.0 19.5 18.0 15.75 15.0 16.5 18.0 21.0 19.5 16.5 12.75 10.5 
#Susceptance Bls : 
#Line 0 in all scenarios
0.84 0.9 0.85 0.6 0.65 0.72 0.7 0.9 0.84 0.89 
#Line 1 in all scenarios
0.63 0.84 0.84 0.81 0.68 0.71 0.66 0.76 0.81 0.74 
#Line 2 in all scenarios
0.77 0.69 0.72 0.72 0.85 0.77 0.85 0.67 0.73 0.67 
#Line 3 in all scenarios
0.8 0.67 0.6 0.72 0.77 0.64 0.83 0.69 0.63 0.81 
#Line 4 in all scenarios
0.71 0.7 0.64 0.81 0.9 0.72 0.71 0.88 0.73 0.74 
#Line 5 in all scenarios
0.61 0.88 0.62 0.77 0.83 0.75 0.69 0.73 0.76 0.6 
#Line 6 in all scenarios
0.64 0.87 0.61 0.8 0.76 0.83 0.89 0.81 0.61 0.76 
#Line 7 in all scenarios
0.75 0.89 0.72 0.6 0.79 0.85 0.81 0.85 0.83 0.62 
#Line 8 in all scenarios
0.89 0.73 0.62 0.73 0.61 0.66 0.76 0.76 0.81 0.63 
#Line 9 in all scenarios
0.85 0.85 0.7 0.79 0.78 0.63 0.89 0.77 0.7 0.73 
#Line 10 in all scenarios
0.89 0.73 0.82 0.63 0.71 0.65 0.64 0.6 0.87 0.61 
#Line 11 in all scenarios
0.7 0.64 0.89 0.62 0.86 0.85 0.6 0.85 0.65 0.82 
#Line 12 in all scenarios
0.62 0.7 0.69 0.86 0.81 0.64 0.62 0.84 0.78 0.8 
#Line 13 in all scenarios
0.78 0.82 0.65 0.7 0.66 0.68 0.86 0.68 0.86 0.7 
#Line 14 in all scenarios
0.67 0.75 0.7 0.76 0.62 0.61 0.71 0.65 0.77 0.75 
#Line 15 in all scenarios
0.83 0.81 0.72 0.76 0.84 0.61 0.66 0.88 0.87 0.8 
#Line 16 in all scenarios
0.82 0.7 0.79 0.62 0.7 0.85 0.77 0.85 0.75 0.67 
#Line 17 in all scenarios
0.85 0.77 0.86 0.84 0.82 0.79 0.8 0.77 0.89 0.8 
#Line 18 in all scenarios
0.67 0.82 0.75 0.89 0.8 0.65 0.69 0.68 0.77 0.78 
#Line 19 in all scenarios
0.87 0.87 0.76 0.85 0.8 0.76 0.86 0.66 0.79 0.82 
#Line 20 in all scenarios
0.66 0.64 0.69 0.89 0.83 0.61 0.66 0.8 0.72 0.9 
#Line 21 in all scenarios
0.75 0.86 0.73 0.81 0.8 0.72 0.86 0.87 0.66 0.69 
#Line 22 in all scenarios
0.87 0.71 0.86 0.74 0.77 0.7 0.73 0.85 0.62 0.88 
#Line 23 in all scenarios
0.7 0.85 0.75 0.9 0.6 0.79 0.7 0.88 0.89 0.62 
#Maximum capacity of all lines TCl : 
667 667 667 667 667 667 667 667 667 667 667 667 667 667 667 667 667 667 667 667 667 667 667 667 
#Fast reserve limit of all generators FRg : 
250 250 80 80 25 20 25 10 10 10 250 250 80 80 25 20 25 10 10 10 
#No import groups ICj 
#No polarity gamma-jl 
