#Number of generators G :
20
#Gs :
1 3 7 9 10 13 15 16 18 
#Gf :
2 4 5 6 8 11 12 14 17 19 20 
#S :
20
#T :
24
#L :
15
#N :
5
#Gn (one line contains indices of generators at a node) :
#node 0
1 2 3 4 
#node 1
5 6 7 
#node 2
8 9 10 11 
#node 3
12 13 14 15 16 
#node 4
17 18 19 20 
#LIn (one line contains incoming lines at a node) :
#node 0
5-1 4-1 3-1 
#node 1
1-2 5-2 4-2 
#node 2
2-3 1-3 5-3 
#node 3
3-4 2-4 1-4 
#node 4
4-5 3-5 2-5 
#LOn (one line contains outgoing lines at a node) :
#node 0
1-2 1-3 1-4 
#node 1
2-3 2-4 2-5 
#node 2
3-4 3-5 3-1 
#node 3
4-5 4-1 4-2 
#node 4
5-1 5-2 5-3 
#No import group IG
#No lines in import groups IGj 
#Probability of each scenario ps : 
0.05 0.05 0.05 0.05 0.05 0.05 0.05 0.05 0.05 0.05 0.05 0.05 0.05 0.05 0.05 0.05 0.05 0.05 0.05 0.05 
#minimum load cost of generators Kg :
1000 970 700 680 450 370 480 660 665 670 1000 970 700 680 450 370 480 660 665 670 
#start-up of generators Sg :
4500 5000 550 560 900 170 260 30 30 30 4500 5000 550 560 900 170 260 30 30 30 
#marginal cost of generators Cg :
16.19 17.26 16.6 16.5 19.7 22.26 27.74 25.92 27.27 27.79 16.19 17.26 16.6 16.5 19.7 22.26 27.74 25.92 27.27 27.79 
#demand Dnst :
# at node 0
#    in scenario 0 for all time periods :
202 255 330 353 332 418 419 408 489 470 487 504 532 520 442 391 356 396 389 470 426 440 292 246 
#    in scenario 1 for all time periods :
238 266 323 338 388 440 400 442 432 454 464 498 493 478 446 340 356 378 427 498 437 378 313 230 
#    in scenario 2 for all time periods :
199 227 292 308 368 431 451 427 452 549 563 534 504 484 437 412 356 414 384 498 489 361 323 258 
#    in scenario 3 for all time periods :
199 269 309 308 340 387 419 413 484 526 574 600 504 447 442 361 348 396 451 543 494 361 323 266 
#    in scenario 4 for all time periods :
197 235 316 376 320 356 373 461 447 487 510 564 554 442 413 386 324 387 384 515 452 405 279 263 
#    in scenario 5 for all time periods :
197 241 303 327 368 427 396 394 463 493 464 594 482 499 442 386 360 440 442 476 478 383 296 244 
#    in scenario 6 for all time periods :
194 269 286 357 352 427 437 442 468 560 464 570 532 473 422 357 400 365 384 476 515 427 323 224 
#    in scenario 7 for all time periods :
197 246 313 304 344 431 460 456 458 560 516 552 493 520 413 349 396 405 394 532 442 383 299 227 
#    in scenario 8 for all time periods :
197 263 286 331 320 414 373 398 499 549 534 564 476 458 456 407 396 374 394 510 468 440 340 232 
#    in scenario 9 for all time periods :
199 238 282 342 380 396 419 418 421 459 516 570 487 484 456 382 372 356 451 493 458 427 330 260 
#    in scenario 10 for all time periods :
240 263 337 369 396 422 414 432 478 560 499 504 521 421 466 336 328 431 456 554 426 409 275 235 
#    in scenario 11 for all time periods :
206 252 320 331 392 418 391 437 432 532 487 504 526 484 432 420 380 418 403 532 416 392 326 274 
#    in scenario 12 for all time periods :
206 227 292 346 400 370 400 442 515 543 505 558 560 421 432 420 380 400 475 454 458 427 286 266 
#    in scenario 13 for all time periods :
228 224 292 346 380 387 455 451 463 543 505 600 554 426 427 374 376 418 394 543 442 400 296 249 
#    in scenario 14 for all time periods :
223 252 282 350 336 387 455 480 452 470 510 594 459 447 389 370 340 418 466 454 458 400 282 263 
#    in scenario 15 for all time periods :
214 277 289 312 376 414 446 437 489 493 476 558 526 484 475 407 388 422 394 448 442 365 326 260 
#    in scenario 16 for all time periods :
209 227 313 376 376 405 373 389 489 515 481 570 526 452 384 361 372 365 446 459 478 436 323 241 
#    in scenario 17 for all time periods :
228 241 313 315 396 387 382 451 468 504 470 534 510 510 394 407 396 440 451 498 473 427 275 272 
#    in scenario 18 for all time periods :
209 238 320 308 328 405 391 442 510 448 563 486 532 478 475 412 380 427 437 476 515 400 309 263 
#    in scenario 19 for all time periods :
204 230 320 323 360 383 423 470 437 498 563 600 454 520 437 374 348 378 427 448 416 361 275 258 
# at node 1
#    in scenario 0 for all time periods :
233 280 309 304 356 383 414 384 442 532 499 534 459 437 398 361 344 436 389 470 437 431 275 274 
#    in scenario 1 for all time periods :
238 244 296 315 340 361 396 427 421 515 476 498 510 504 408 336 396 436 466 487 494 396 286 230 
#    in scenario 2 for all time periods :
233 255 306 369 356 356 373 480 463 521 545 492 470 447 427 361 368 400 446 454 442 409 275 246 
#    in scenario 3 for all time periods :
194 232 320 369 344 356 396 451 458 493 499 534 554 494 394 340 324 396 389 470 426 383 320 255 
#    in scenario 4 for all time periods :
238 235 299 380 324 387 437 466 452 560 476 582 498 520 394 361 368 431 475 510 426 436 299 244 
#    in scenario 5 for all time periods :
214 244 303 353 400 431 437 403 504 560 470 546 549 515 394 361 392 387 475 504 473 431 306 260 
#    in scenario 6 for all time periods :
209 260 323 342 380 409 455 437 520 538 510 558 526 458 466 382 360 431 398 538 442 427 313 260 
#    in scenario 7 for all time periods :
204 274 299 308 392 361 405 475 421 560 539 570 560 489 384 353 324 392 394 560 504 374 282 280 
#    in scenario 8 for all time periods :
221 232 292 308 336 431 451 475 510 459 499 510 448 442 480 382 328 365 403 543 504 427 340 266 
#    in scenario 9 for all time periods :
228 258 337 361 352 378 377 461 494 526 528 594 504 452 422 407 320 365 442 549 442 356 313 238 
#    in scenario 10 for all time periods :
230 272 275 369 340 414 391 446 447 521 557 582 526 437 446 357 392 396 408 549 515 356 296 258 
#    in scenario 11 for all time periods :
235 252 323 304 348 427 396 427 494 532 510 576 549 473 408 412 376 431 456 448 437 392 326 230 
#    in scenario 12 for all time periods :
240 230 337 353 328 383 437 422 510 476 481 510 487 520 432 391 352 378 403 515 515 378 303 269 
#    in scenario 13 for all time periods :
197 269 316 312 400 374 414 442 458 459 464 558 526 437 442 399 400 431 437 493 437 440 289 232 
#    in scenario 14 for all time periods :
202 238 275 331 324 400 391 470 463 549 539 504 521 499 427 361 388 422 427 498 520 378 330 244 
#    in scenario 15 for all time periods :
197 266 309 372 372 427 451 427 499 560 470 486 465 447 432 361 320 409 456 493 426 440 296 266 
#    in scenario 16 for all time periods :
194 224 306 369 400 387 368 470 504 476 510 492 549 484 451 378 392 422 403 504 515 418 289 230 
#    in scenario 17 for all time periods :
204 260 303 353 344 431 405 480 473 459 557 582 543 468 470 412 336 414 398 470 489 440 289 241 
#    in scenario 18 for all time periods :
226 235 296 342 368 409 391 403 473 498 487 564 532 452 466 336 344 387 451 504 447 374 275 246 
#    in scenario 19 for all time periods :
209 280 306 315 400 405 455 384 478 504 481 570 526 520 384 365 340 418 408 493 421 374 330 255 
# at node 2
#    in scenario 0 for all time periods :
214 230 275 365 332 440 423 456 426 482 510 492 532 421 480 399 360 392 394 448 416 396 279 280 
#    in scenario 1 for all time periods :
230 263 275 323 364 405 432 480 515 493 464 480 538 442 432 395 336 400 475 482 458 422 306 269 
#    in scenario 2 for all time periods :
221 252 309 361 372 409 373 451 510 498 464 510 459 447 456 340 388 374 408 487 416 356 275 246 
#    in scenario 3 for all time periods :
223 232 337 327 348 396 419 413 520 487 510 570 538 437 451 412 396 409 422 515 489 422 326 232 
#    in scenario 4 for all time periods :
226 252 289 312 336 392 446 446 484 510 470 522 470 452 442 416 396 356 446 454 426 387 289 238 
#    in scenario 5 for all time periods :
214 269 272 308 324 422 419 394 452 543 528 552 504 478 389 395 332 396 437 543 473 440 292 241 
#    in scenario 6 for all time periods :
206 277 289 312 384 440 437 403 426 470 505 528 560 452 475 391 388 396 480 470 437 436 320 255 
#    in scenario 7 for all time periods :
233 235 330 350 392 383 451 451 489 526 568 588 532 489 403 378 340 387 422 526 515 361 320 227 
#    in scenario 8 for all time periods :
194 260 309 376 372 422 391 437 452 538 551 534 504 463 384 340 344 392 418 493 463 378 275 255 
#    in scenario 9 for all time periods :
221 227 286 372 324 365 382 432 504 470 539 480 543 504 403 361 324 392 461 521 515 405 323 230 
#    in scenario 10 for all time periods :
218 263 306 331 332 365 400 480 416 515 522 546 465 463 422 370 320 405 394 554 494 418 313 235 
#    in scenario 11 for all time periods :
240 227 286 380 340 436 377 466 478 521 551 546 538 458 470 340 384 405 398 454 515 365 289 272 
#    in scenario 12 for all time periods :
218 232 320 342 320 405 382 466 515 493 551 516 532 463 413 395 360 361 384 448 484 427 279 266 
#    in scenario 13 for all time periods :
230 227 330 327 376 365 396 418 426 532 580 558 543 416 398 344 348 405 437 538 473 409 292 272 
#    in scenario 14 for all time periods :
204 258 309 372 356 405 455 394 463 521 476 534 521 478 408 357 344 370 408 521 426 431 320 274 
#    in scenario 15 for all time periods :
218 232 275 350 340 414 386 466 510 482 470 558 465 510 427 336 400 400 408 538 416 414 272 230 
#    in scenario 16 for all time periods :
235 246 279 376 364 387 382 389 463 459 557 600 482 463 456 361 388 440 384 515 520 436 306 249 
#    in scenario 17 for all time periods :
218 227 326 338 328 422 437 475 452 560 580 516 538 421 384 386 344 370 427 470 499 427 299 280 
#    in scenario 18 for all time periods :
218 241 323 342 352 352 382 413 484 532 476 588 476 416 470 349 400 422 384 532 494 361 306 246 
#    in scenario 19 for all time periods :
192 263 330 315 356 361 442 470 489 482 551 504 476 468 398 374 360 387 413 493 489 409 292 272 
# at node 3
#    in scenario 0 for all time periods :
211 227 303 308 388 431 382 384 473 515 510 492 521 504 456 357 384 356 451 554 437 414 309 249 
#    in scenario 1 for all time periods :
216 280 279 331 360 352 428 437 484 510 545 546 470 494 389 407 392 378 422 482 478 370 330 224 
#    in scenario 2 for all time periods :
228 263 337 308 376 427 428 408 426 459 557 486 487 473 456 361 336 400 398 448 432 400 313 224 
#    in scenario 3 for all time periods :
202 280 326 342 380 365 405 418 458 459 568 570 538 421 451 357 352 370 403 521 504 392 316 235 
#    in scenario 4 for all time periods :
199 227 279 372 368 400 423 432 458 476 580 480 521 484 413 407 376 431 466 538 468 396 309 235 
#    in scenario 5 for all time periods :
199 260 282 357 380 361 382 389 452 459 493 588 498 463 451 370 324 409 480 448 421 431 289 241 
#    in scenario 6 for all time periods :
199 232 306 338 360 361 460 470 421 526 545 540 560 489 480 391 384 418 437 482 489 392 292 230 
#    in scenario 7 for all time periods :
209 263 323 323 348 361 373 475 416 560 493 594 560 484 389 403 392 374 394 470 499 392 282 230 
#    in scenario 8 for all time periods :
206 232 326 342 380 405 437 432 442 538 528 480 493 484 398 386 324 356 384 515 478 396 306 280 
#    in scenario 9 for all time periods :
204 255 279 376 320 409 419 456 484 532 510 594 487 463 470 382 356 405 408 487 447 396 337 274 
#    in scenario 10 for all time periods :
194 258 306 323 376 405 446 456 426 526 580 558 560 515 408 386 376 365 403 510 510 422 340 269 
#    in scenario 11 for all time periods :
204 263 299 346 360 383 437 413 473 459 499 546 454 463 437 412 332 405 418 493 515 370 286 238 
#    in scenario 12 for all time periods :
194 235 309 380 364 405 442 427 494 532 505 582 454 494 461 374 352 352 480 482 515 356 282 241 
#    in scenario 13 for all time periods :
194 277 320 319 388 405 460 413 421 459 563 564 532 494 475 378 328 405 442 521 458 361 316 274 
#    in scenario 14 for all time periods :
240 258 330 357 332 414 432 403 484 470 470 564 465 473 413 349 392 387 442 560 432 361 313 263 
#    in scenario 15 for all time periods :
206 246 279 304 376 405 423 418 452 526 557 516 482 452 437 349 324 370 470 510 499 400 330 230 
#    in scenario 16 for all time periods :
211 246 272 331 388 436 437 394 452 493 522 528 465 447 422 336 352 440 461 526 504 387 330 280 
#    in scenario 17 for all time periods :
199 260 275 315 388 365 419 418 520 448 534 528 538 520 442 370 356 378 446 504 515 365 282 280 
#    in scenario 18 for all time periods :
194 266 296 315 368 418 414 461 442 543 470 522 549 494 451 336 344 352 475 515 473 427 330 272 
#    in scenario 19 for all time periods :
216 238 275 365 392 383 451 413 489 554 493 516 521 416 470 353 344 365 403 554 520 378 289 246 
# at node 4
#    in scenario 0 for all time periods :
211 244 272 338 372 396 451 389 510 493 580 504 521 520 403 416 400 427 461 454 478 440 272 258 
#    in scenario 1 for all time periods :
238 252 282 376 336 356 460 422 426 493 499 540 521 478 413 382 336 436 418 459 437 409 289 224 
#    in scenario 2 for all time periods :
240 235 309 338 364 370 400 480 452 498 499 552 476 452 384 403 368 396 389 532 504 427 340 238 
#    in scenario 3 for all time periods :
214 232 279 342 344 370 396 470 416 448 545 540 549 510 437 403 324 396 437 526 489 405 303 238 
#    in scenario 4 for all time periods :
226 280 272 365 336 374 373 432 484 543 476 564 470 494 432 336 360 440 394 549 494 370 292 235 
#    in scenario 5 for all time periods :
197 280 309 312 348 405 400 451 515 493 557 576 515 484 480 403 400 352 394 459 510 422 316 227 
#    in scenario 6 for all time periods :
194 266 340 323 356 365 382 422 473 543 528 576 493 463 389 407 384 392 394 510 504 431 337 269 
#    in scenario 7 for all time periods :
209 260 286 312 372 365 382 470 468 549 493 480 493 437 466 407 384 396 456 521 416 405 337 230 
#    in scenario 8 for all time periods :
228 230 296 353 364 427 460 398 484 476 574 594 493 452 432 403 360 400 461 476 515 370 320 241 
#    in scenario 9 for all time periods :
218 266 275 380 380 370 460 470 463 549 551 594 543 416 446 382 384 356 389 487 504 361 340 246 
#    in scenario 10 for all time periods :
233 230 330 376 344 409 409 403 421 470 499 576 510 416 384 361 364 436 437 482 494 418 309 244 
#    in scenario 11 for all time periods :
238 280 326 319 368 370 432 470 494 510 557 516 476 421 418 357 368 440 408 493 499 392 333 244 
#    in scenario 12 for all time periods :
209 235 282 346 348 356 373 408 437 493 545 486 538 478 456 344 360 383 451 515 458 431 316 230 
#    in scenario 13 for all time periods :
235 241 333 304 320 440 455 461 504 482 557 558 459 504 403 353 344 400 413 521 499 431 299 277 
#    in scenario 14 for all time periods :
206 241 309 319 336 418 373 422 478 532 481 516 487 458 394 420 324 396 456 482 432 356 289 224 
#    in scenario 15 for all time periods :
202 246 275 380 384 427 391 427 447 560 534 522 459 447 432 391 336 405 389 498 416 365 309 266 
#    in scenario 16 for all time periods :
214 238 282 357 340 387 437 398 421 470 470 558 487 478 461 340 328 356 394 521 452 440 279 249 
#    in scenario 17 for all time periods :
194 272 326 350 348 418 419 451 489 454 568 516 482 494 418 357 328 374 384 498 484 405 316 280 
#    in scenario 18 for all time periods :
226 272 333 315 368 400 391 480 447 543 470 510 498 468 384 395 400 361 437 515 504 440 279 244 
#    in scenario 19 for all time periods :
214 227 279 357 396 378 409 480 426 487 528 504 543 447 408 340 372 396 437 515 452 400 309 266 
#Maximum capacity P+gs :
# generator 0 for all scenarios
487 450 378 400 523 478 514 410 455 460 546 473 460 487 396 460 382 478 446 455 
# generator 1 for all scenarios
387 391 364 410 455 414 400 410 391 469 482 491 514 382 537 378 528 369 432 437 
# generator 2 for all scenarios
134 151 116 150 114 148 122 135 124 122 125 116 130 131 107 152 109 104 138 130 
# generator 3 for all scenarios
146 107 155 147 134 114 140 122 148 144 117 108 136 116 153 117 147 112 113 131 
# generator 4 for all scenarios
185 139 186 136 159 177 138 178 172 157 193 141 167 181 194 136 175 149 149 146 
# generator 5 for all scenarios
91 86 69 77 96 69 74 75 77 82 96 92 92 83 92 74 78 90 68 77 
# generator 6 for all scenarios
72 98 84 93 82 84 82 99 75 73 70 71 102 71 81 80 68 72 88 90 
# generator 7 for all scenarios
60 45 54 63 60 60 58 64 47 54 50 60 55 61 60 48 66 56 47 63 
# generator 8 for all scenarios
50 45 58 59 57 49 50 61 51 60 51 66 46 47 44 49 53 62 63 56 
# generator 9 for all scenarios
57 52 56 47 52 53 57 54 57 66 48 52 48 54 53 65 48 60 62 55 
# generator 10 for all scenarios
496 378 382 487 496 446 405 455 487 405 369 450 419 432 382 364 473 519 446 541 
# generator 11 for all scenarios
391 410 364 528 519 391 460 460 510 437 519 478 369 469 541 428 387 478 491 541 
# generator 12 for all scenarios
120 114 135 136 125 122 124 144 148 125 122 135 153 127 127 118 107 120 135 150 
# generator 13 for all scenarios
143 120 130 142 139 122 109 151 148 120 133 107 110 104 112 116 125 108 131 129 
# generator 14 for all scenarios
146 193 144 193 180 172 180 154 130 186 144 170 143 159 177 156 190 186 191 149 
# generator 15 for all scenarios
71 76 78 65 66 71 88 71 69 74 66 82 80 91 86 96 96 80 87 95 
# generator 16 for all scenarios
84 95 97 78 99 102 96 68 79 69 93 73 74 96 91 82 79 94 101 90 
# generator 17 for all scenarios
60 51 57 56 52 59 64 60 51 65 48 50 49 52 52 47 52 47 62 57 
# generator 18 for all scenarios
55 46 61 53 46 58 51 52 44 53 58 65 46 56 53 64 45 64 60 51 
# generator 19 for all scenarios
63 58 53 44 57 63 46 62 50 65 49 53 50 53 47 63 62 58 49 54 
#Minimum capacity P-gs:
# generator 0 for all scenarios
148 124 138 169 172 172 156 146 138 169 176 148 176 138 140 159 148 176 169 178 
# generator 1 for all scenarios
124 152 140 132 153 160 148 135 172 165 171 128 147 129 178 134 167 148 169 158 
# generator 2 for all scenarios
16 16 21 23 22 19 21 18 24 16 18 19 22 22 17 17 19 17 18 23 
# generator 3 for all scenarios
24 23 18 16 23 22 23 17 22 22 16 17 21 17 24 20 21 24 20 18 
# generator 4 for all scenarios
26 29 24 28 25 20 24 23 26 25 28 28 26 30 26 30 21 21 27 27 
# generator 5 for all scenarios
16 20 20 20 21 23 21 17 19 22 18 23 22 20 17 23 23 17 23 19 
# generator 6 for all scenarios
26 29 22 25 24 23 28 22 24 29 25 24 26 22 28 28 28 26 29 22 
# generator 7 for all scenarios
10 8 11 11 9 10 8 10 9 9 10 8 10 8 9 12 9 10 9 10 
# generator 8 for all scenarios
10 11 9 10 11 11 11 10 10 9 10 10 11 8 8 8 11 8 10 12 
# generator 9 for all scenarios
10 9 10 11 10 10 12 10 10 10 11 10 9 10 10 9 10 11 11 10 
# generator 10 for all scenarios
146 168 136 122 165 147 132 126 169 147 150 122 162 159 162 136 132 148 142 167 
# generator 11 for all scenarios
135 120 140 165 162 168 124 153 140 150 162 124 132 154 180 158 174 150 138 132 
# generator 12 for all scenarios
19 22 19 24 24 23 20 20 22 17 18 23 20 19 23 23 21 19 20 23 
# generator 13 for all scenarios
23 19 17 20 23 17 20 22 22 20 21 18 21 23 23 16 18 19 23 21 
# generator 14 for all scenarios
28 20 24 21 28 30 27 28 28 26 26 22 24 24 24 26 27 21 22 23 
# generator 15 for all scenarios
23 19 16 24 20 20 20 18 20 19 22 18 22 21 22 22 23 21 21 17 
# generator 16 for all scenarios
28 26 25 20 29 26 24 28 24 26 26 30 30 20 21 25 22 24 21 27 
# generator 17 for all scenarios
8 8 11 10 12 8 10 11 10 11 8 10 11 8 12 9 12 11 11 11 
# generator 18 for all scenarios
10 11 11 12 11 11 10 10 10 10 10 12 11 11 8 12 10 12 10 8 
# generator 19 for all scenarios
9 12 9 11 9 12 8 8 9 9 12 8 12 12 10 10 10 12 9 9 
#Maximum ramping for all generators R+g :
250 250 80 80 25 20 25 10 10 10 250 250 80 80 25 20 25 10 10 10 
#Minimum ramping for all generators R-g :
150 150 20 20 25 20 25 10 10 10 150 150 20 20 25 20 25 10 10 10 
#Minimum up time for all generators UTg :
8 8 5 5 6 3 3 1 1 1 8 8 5 5 6 3 3 1 1 1 
#Minimum down time for all generators DTg :
8 8 5 5 6 3 3 1 1 1 8 8 5 5 6 3 3 1 1 1 
#Number of period : N=T
#Total reserve for all time periods Tt : 
60.0 70.0 85.0 95.0 100.0 110.0 115.0 120.0 130.0 140.0 145.0 150.0 140.0 130.0 120.0 105.0 100.0 110.0 120.0 140.0 130.0 110.0 85.0 70.0 
#Fast reserve for all time periods Ft : 
16.5 19.25 23.375000000000004 26.125000000000004 27.500000000000004 30.250000000000004 31.625000000000004 33.0 35.75 38.5 39.875 41.25 38.5 35.75 33.0 28.875000000000004 27.500000000000004 30.250000000000004 33.0 38.5 35.75 30.250000000000004 23.375000000000004 19.25 
#Susceptance Bls : 
#Line 0 in all scenarios
0.76 0.75 0.79 0.63 0.83 0.81 0.77 0.87 0.79 0.81 0.9 0.85 0.78 0.68 0.72 0.8 0.8 0.62 0.73 0.8 
#Line 1 in all scenarios
0.89 0.7 0.6 0.79 0.62 0.77 0.61 0.73 0.7 0.61 0.68 0.81 0.67 0.7 0.88 0.71 0.65 0.73 0.71 0.78 
#Line 2 in all scenarios
0.63 0.69 0.71 0.64 0.65 0.85 0.78 0.73 0.87 0.88 0.68 0.73 0.85 0.65 0.7 0.87 0.66 0.83 0.77 0.84 
#Line 3 in all scenarios
0.61 0.8 0.67 0.85 0.74 0.75 0.86 0.67 0.69 0.84 0.9 0.87 0.71 0.71 0.66 0.82 0.73 0.76 0.84 0.84 
#Line 4 in all scenarios
0.88 0.69 0.67 0.7 0.64 0.61 0.77 0.9 0.77 0.66 0.72 0.67 0.71 0.84 0.79 0.74 0.81 0.6 0.81 0.81 
#Line 5 in all scenarios
0.72 0.67 0.6 0.75 0.76 0.61 0.73 0.79 0.65 0.76 0.82 0.83 0.89 0.86 0.62 0.89 0.71 0.72 0.88 0.7 
#Line 6 in all scenarios
0.83 0.77 0.72 0.88 0.62 0.8 0.73 0.65 0.83 0.75 0.84 0.61 0.62 0.84 0.76 0.83 0.78 0.77 0.89 0.67 
#Line 7 in all scenarios
0.78 0.75 0.75 0.78 0.87 0.69 0.86 0.75 0.71 0.78 0.75 0.69 0.87 0.78 0.87 0.6 0.78 0.73 0.8 0.65 
#Line 8 in all scenarios
0.71 0.75 0.64 0.64 0.75 0.76 0.71 0.62 0.9 0.63 0.9 0.68 0.73 0.79 0.74 0.86 0.66 0.84 0.66 0.78 
#Line 9 in all scenarios
0.62 0.69 0.73 0.72 0.71 0.89 0.82 0.89 0.79 0.81 0.79 0.81 0.63 0.6 0.79 0.86 0.72 0.63 0.75 0.89 
#Line 10 in all scenarios
0.82 0.85 0.75 0.63 0.68 0.61 0.77 0.74 0.85 0.61 0.84 0.76 0.79 0.62 0.86 0.89 0.75 0.69 0.88 0.7 
#Line 11 in all scenarios
0.78 0.82 0.71 0.88 0.83 0.75 0.67 0.71 0.6 0.74 0.63 0.66 0.83 0.71 0.69 0.72 0.86 0.86 0.61 0.77 
#Line 12 in all scenarios
0.66 0.6 0.76 0.9 0.66 0.82 0.69 0.73 0.79 0.62 0.83 0.69 0.88 0.88 0.63 0.85 0.66 0.61 0.86 0.72 
#Line 13 in all scenarios
0.67 0.71 0.82 0.76 0.63 0.64 0.64 0.76 0.84 0.73 0.66 0.85 0.62 0.89 0.68 0.75 0.88 0.82 0.75 0.62 
#Line 14 in all scenarios
0.88 0.77 0.87 0.82 0.62 0.8 0.64 0.85 0.74 0.81 0.7 0.84 0.86 0.78 0.84 0.82 0.81 0.6 0.62 0.88 
#Maximum capacity of all lines TCl : 
667 667 667 667 667 667 667 667 667 667 667 667 667 667 667 
#Fast reserve limit of all generators FRg : 
250 250 80 80 25 20 25 10 10 10 250 250 80 80 25 20 25 10 10 10 
#No import groups ICj 
#No polarity gamma-jl 
