#Number of generators G :
20
#Gs :
1 2 3 7 9 10 11 12 14 15 16 17 18 19 20 
#Gf :
4 5 6 8 13 
#S :
10
#T :
96
#L :
18
#N :
6
#Gn (one line contains indices of generators at a node) :
#node 0
1 2 3 4 
#node 1
5 6 7 8 
#node 2
9 10 11 12 
#node 3
13 14 
#node 4
15 16 17 18 19 
#node 5
20 
#LIn (one line contains incoming lines at a node) :
#node 0
6-1 5-1 4-1 
#node 1
1-2 6-2 5-2 
#node 2
2-3 1-3 6-3 
#node 3
3-4 2-4 1-4 
#node 4
4-5 3-5 2-5 
#node 5
5-6 4-6 3-6 
#LOn (one line contains outgoing lines at a node) :
#node 0
1-2 1-3 1-4 
#node 1
2-3 2-4 2-5 
#node 2
3-4 3-5 3-6 
#node 3
4-5 4-6 4-1 
#node 4
5-6 5-1 5-2 
#node 5
6-1 6-2 6-3 
#No import group IG
#No lines in import groups IGj 
#Probability of each scenario ps : 
0.1 0.1 0.1 0.1 0.1 0.1 0.1 0.1 0.1 0.1 
#minimum load cost of generators Kg :
1000 970 700 680 450 370 480 660 665 670 1000 970 700 680 450 370 480 660 665 670 
#start-up of generators Sg :
4500 5000 550 560 900 170 260 30 30 30 4500 5000 550 560 900 170 260 30 30 30 
#marginal cost of generators Cg :
16.19 17.26 16.6 16.5 19.7 22.26 27.74 25.92 27.27 27.79 16.19 17.26 16.6 16.5 19.7 22.26 27.74 25.92 27.27 27.79 
#demand Dnst :
# at node 0
#    in scenario 0 for all time periods :
182 222 246 301 317 367 307 336 399 401 464 465 429 381 384 350 320 341 336 467 386 363 227 189 186 194 275 272 320 297 334 376 364 429 474 465 420 394 392 298 307 304 372 392 347 356 227 208 164 198 272 291 327 345 307 340 377 429 454 460 397 390 340 290 300 348 336 401 364 319 249 198 186 233 249 266 290 341 368 320 420 406 416 415 453 381 400 329 273 293 384 457 433 348 249 222 
#    in scenario 1 for all time periods :
164 198 235 291 323 315 334 360 407 383 420 435 443 433 340 312 283 352 320 467 381 363 278 189 198 226 235 301 327 345 383 340 381 383 469 440 387 364 340 332 320 323 364 425 368 359 278 208 182 222 252 276 270 326 360 320 416 415 483 425 439 390 380 284 317 315 356 373 360 356 238 229 180 203 227 288 297 352 380 328 394 462 387 425 397 425 352 294 323 312 320 392 429 352 261 222 
#    in scenario 2 for all time periods :
192 203 283 317 270 359 368 360 399 429 474 480 373 425 356 340 297 323 400 411 377 297 280 194 162 222 280 260 297 330 376 392 433 453 425 465 467 386 376 315 280 330 336 411 429 337 283 191 186 231 258 282 287 337 376 376 355 373 474 475 429 351 388 284 330 334 364 425 390 297 272 217 170 231 252 291 313 301 307 392 394 387 469 490 457 433 376 287 297 319 364 415 425 315 261 215 
#    in scenario 3 for all time periods :
184 191 261 263 290 308 360 352 355 425 445 400 439 347 356 350 313 330 376 406 351 319 269 208 198 198 238 288 323 293 372 356 433 453 411 405 425 347 360 340 303 301 324 467 377 297 261 212 196 187 249 263 267 315 364 396 390 425 445 450 378 390 360 346 287 337 356 415 420 315 258 205 174 194 230 253 317 341 364 352 373 411 425 410 448 377 348 294 330 323 332 457 386 304 278 210 
#    in scenario 4 for all time periods :
194 201 230 272 293 315 383 380 364 443 392 445 415 351 372 298 317 359 336 415 351 345 227 196 194 196 255 288 330 356 322 356 390 457 450 405 373 394 384 350 267 334 388 420 381 304 249 208 162 215 266 279 333 348 341 356 425 467 416 405 387 351 380 318 303 348 348 443 390 315 261 219 190 198 264 263 323 330 360 336 386 439 440 475 401 360 328 346 313 308 352 429 377 334 249 194 
#    in scenario 5 for all time periods :
196 208 238 260 290 345 337 328 403 443 483 495 397 377 328 350 303 308 396 448 364 348 264 208 196 203 238 260 287 330 372 384 416 448 440 415 467 416 388 329 273 330 328 443 399 359 283 203 188 198 272 310 290 301 318 380 351 401 435 470 439 355 364 350 333 304 388 467 364 323 255 201 162 187 241 288 280 341 330 344 381 420 474 455 415 407 324 340 297 356 356 467 368 297 272 189 
#    in scenario 6 for all time periods :
182 217 249 310 327 323 322 348 364 453 435 445 457 377 384 350 290 334 372 397 364 319 280 203 160 198 283 301 317 330 380 328 364 392 459 480 411 377 344 343 307 359 328 434 373 341 241 219 178 208 252 314 277 323 383 376 407 378 478 500 467 403 380 280 287 297 352 439 351 304 261 219 170 208 249 282 310 326 356 352 407 406 392 485 439 360 324 315 327 312 372 448 416 341 275 187 
#    in scenario 7 for all time periods :
160 224 249 272 317 334 334 332 403 434 474 405 443 412 392 304 273 315 332 425 364 363 227 196 166 208 280 298 313 308 368 364 429 425 459 475 387 360 360 346 287 297 364 387 433 315 235 224 176 187 264 279 327 367 383 380 373 387 474 485 406 429 348 304 323 301 400 429 373 304 264 203 184 189 278 291 283 297 372 352 386 387 454 440 415 433 336 332 333 330 396 411 364 352 246 187 
#    in scenario 8 for all time periods :
182 205 266 282 330 359 353 344 390 387 454 440 429 355 348 294 287 363 324 462 364 359 232 191 178 196 252 301 293 304 372 372 425 425 430 400 462 420 324 318 293 341 380 429 399 356 230 210 172 196 283 301 320 363 345 332 381 378 445 455 373 403 328 332 270 308 356 406 368 359 261 201 186 215 266 304 330 356 353 352 403 467 392 435 429 347 388 346 287 330 360 453 373 352 264 222 
#    in scenario 9 for all time periods :
178 201 278 314 277 337 383 384 403 457 435 435 420 412 328 329 313 315 368 439 373 293 275 194 186 208 258 285 273 352 314 356 403 378 483 495 406 394 340 287 293 315 392 406 351 348 227 222 172 210 255 269 323 319 372 388 364 429 478 415 434 347 376 301 307 367 336 448 425 326 261 194 200 219 269 266 270 297 364 376 381 462 450 475 378 425 368 343 300 301 324 415 364 341 232 212 
# at node 1
#    in scenario 0 for all time periods :
170 191 235 295 273 308 334 356 390 448 411 415 462 407 344 336 317 319 384 420 433 323 278 217 170 210 258 263 330 308 337 336 394 439 401 425 401 377 348 343 270 293 396 406 407 297 283 198 184 198 269 263 333 352 360 328 412 425 420 425 443 390 360 301 333 356 348 453 386 315 227 224 190 222 238 301 280 334 345 352 360 415 387 435 392 360 368 326 297 356 384 439 373 301 280 196 
#    in scenario 1 for all time periods :
182 217 261 314 283 315 356 324 429 462 474 480 420 407 384 332 293 356 388 411 347 312 275 229 162 229 230 257 287 356 322 396 420 467 401 440 453 425 324 340 287 348 372 467 403 315 261 205 178 189 266 317 330 304 360 352 412 420 406 415 453 360 364 312 273 326 384 411 416 312 264 219 176 233 255 257 333 348 372 324 373 425 478 405 434 377 400 284 327 341 380 448 360 326 235 203 
#    in scenario 2 for all time periods :
194 226 264 282 323 352 337 356 407 467 411 405 425 360 360 336 313 363 344 420 399 304 235 201 184 196 244 272 307 367 356 352 355 425 406 415 425 429 376 315 303 323 332 443 416 348 241 201 180 189 244 253 323 319 360 368 368 434 478 450 411 429 320 315 313 297 372 462 390 326 244 205 172 212 261 269 300 359 353 324 360 453 411 400 448 416 372 343 280 330 348 467 425 356 249 187 
#    in scenario 3 for all time periods :
190 219 232 272 303 297 345 388 416 420 445 430 453 373 344 287 297 348 324 401 407 337 261 233 194 231 280 266 327 359 364 336 407 467 396 425 397 373 376 340 273 308 396 467 373 345 252 201 160 210 244 279 303 359 376 368 420 429 445 445 406 368 320 280 333 363 384 406 381 334 272 189 162 198 261 276 297 304 345 360 373 397 387 455 415 355 332 304 290 334 368 383 429 345 264 203 
#    in scenario 4 for all time periods :
172 222 244 266 330 304 314 392 377 462 440 495 457 386 364 280 273 312 332 401 403 301 227 187 164 215 258 317 310 319 314 376 377 387 454 400 392 407 360 318 320 363 396 415 399 348 238 231 182 219 269 257 323 323 326 320 425 453 483 435 378 360 336 308 323 312 388 425 355 301 232 224 200 187 252 272 317 337 353 388 377 443 450 485 457 425 388 332 333 359 360 453 407 367 230 187 
#    in scenario 5 for all time periods :
166 215 246 272 303 348 334 372 416 420 469 455 415 416 380 332 290 323 392 392 407 297 241 226 186 231 255 285 270 312 360 352 416 378 445 460 397 351 356 332 287 334 336 462 429 363 275 205 176 215 230 298 327 312 314 376 386 420 411 450 397 412 336 315 313 345 376 392 373 352 280 217 188 194 280 285 270 337 341 352 355 415 411 475 467 390 360 336 290 308 360 387 368 367 258 226 
#    in scenario 6 for all time periods :
174 224 278 288 273 356 380 384 351 462 474 460 462 360 340 287 270 337 328 415 407 319 246 224 168 187 264 269 303 334 368 368 386 383 425 400 443 429 360 350 317 297 360 397 381 352 269 203 170 191 246 288 290 304 360 320 399 443 387 475 387 386 380 280 277 312 376 406 403 330 255 233 172 191 275 257 277 297 330 344 377 429 411 480 467 347 352 332 313 352 352 457 347 330 235 210 
#    in scenario 7 for all time periods :
200 226 275 282 267 301 372 376 381 387 411 460 406 403 388 290 283 352 352 467 412 297 264 208 182 226 232 307 333 348 307 392 351 448 430 410 448 377 388 322 290 323 364 429 351 356 246 229 196 196 269 266 267 348 349 352 381 373 401 450 406 373 328 312 280 341 348 415 433 293 241 203 172 205 264 288 333 293 337 340 433 378 459 400 425 433 368 287 270 334 328 378 425 352 272 224 
#    in scenario 8 for all time periods :
168 205 249 288 273 293 310 376 386 448 420 455 378 347 336 322 293 367 372 387 355 304 230 194 172 226 272 263 320 326 372 400 394 401 454 460 411 403 388 350 273 330 340 383 425 330 238 233 192 226 261 279 313 330 364 364 347 453 440 490 425 368 388 322 293 308 360 387 433 359 238 226 180 191 235 272 297 330 318 364 420 378 454 460 415 390 352 312 280 363 388 383 420 334 266 205 
#    in scenario 9 for all time periods :
180 203 261 288 333 345 383 328 386 392 396 420 401 373 376 318 310 304 344 406 399 297 264 196 182 201 227 304 267 308 307 324 381 457 445 470 448 412 380 294 270 359 392 453 420 315 238 219 196 229 280 272 303 330 368 332 381 420 396 435 397 416 372 312 297 326 392 439 347 312 258 219 196 231 261 291 333 348 345 344 377 457 425 475 467 368 384 340 277 348 332 401 377 359 244 212 
# at node 2
#    in scenario 0 for all time periods :
174 194 249 314 297 337 372 348 420 406 387 435 392 364 396 329 333 367 340 443 386 330 266 224 190 217 232 298 270 308 380 400 351 467 445 450 373 377 388 346 273 367 360 373 416 297 235 201 194 231 246 285 323 319 307 348 351 457 430 420 378 390 376 326 267 323 324 420 433 304 244 196 186 208 241 317 320 359 341 348 412 392 425 425 378 390 392 315 317 337 340 392 407 341 280 215 
#    in scenario 1 for all time periods :
178 224 232 295 300 334 383 336 386 378 435 435 373 364 380 312 310 319 344 434 420 352 235 208 200 212 258 276 297 315 334 332 433 453 469 445 415 416 320 336 277 345 384 457 399 308 261 233 182 191 244 307 297 348 360 348 381 406 416 410 411 351 380 280 270 334 356 439 433 308 238 205 180 226 280 285 293 308 353 360 368 462 406 435 411 347 372 332 293 319 396 415 386 341 255 219 
#    in scenario 2 for all time periods :
194 203 280 298 283 363 341 340 351 406 401 435 387 364 380 301 330 359 352 383 399 359 230 191 192 205 269 269 327 330 326 364 407 443 474 430 453 360 392 332 313 301 388 453 360 363 258 205 188 196 261 307 290 341 322 356 429 392 454 430 467 381 368 346 303 312 320 420 390 304 227 224 170 212 266 298 267 345 353 372 433 457 474 450 457 368 368 301 287 323 384 448 368 301 266 210 
#    in scenario 3 for all time periods :
160 215 280 291 273 326 337 400 390 397 440 490 425 399 364 308 323 348 352 420 360 312 264 222 190 210 264 310 333 319 310 384 351 443 445 415 401 412 348 301 330 334 348 411 368 334 275 224 198 205 280 317 320 348 322 336 429 462 430 470 434 429 380 329 277 308 380 453 433 319 252 203 184 201 227 257 290 293 380 388 403 373 411 400 425 373 356 343 310 352 380 434 394 308 280 215 
#    in scenario 4 for all time periods :
190 212 272 301 317 301 372 372 412 411 425 410 462 373 324 329 310 348 384 429 351 359 264 217 160 222 266 276 287 348 337 336 425 443 425 450 401 399 364 284 273 326 388 467 351 297 272 224 184 233 241 288 333 352 349 368 416 457 435 425 429 364 352 290 327 356 356 411 403 345 241 187 184 231 269 314 293 352 334 336 377 420 469 465 453 407 372 287 333 352 356 443 377 326 249 231 
#    in scenario 5 for all time periods :
182 208 227 304 310 297 322 364 433 378 396 435 383 394 364 340 280 363 384 378 394 319 252 201 182 229 278 253 307 293 353 388 368 406 469 455 383 360 396 343 290 315 364 383 364 297 280 233 180 229 246 307 280 356 360 324 433 439 454 485 378 429 400 336 310 345 376 425 390 319 241 208 194 189 283 301 290 293 364 344 433 392 464 405 448 403 364 290 290 297 348 420 390 330 261 212 
#    in scenario 6 for all time periods :
194 222 241 295 283 308 334 368 429 439 445 420 373 407 352 350 317 356 340 429 347 352 232 194 200 233 227 257 277 326 341 344 351 406 445 465 373 368 324 318 270 334 392 387 368 367 235 203 174 191 232 295 320 293 314 376 429 429 474 445 467 394 360 326 273 345 364 387 403 308 278 210 192 222 280 304 300 301 322 368 429 448 445 485 429 407 376 284 333 323 328 397 351 334 278 191 
#    in scenario 7 for all time periods :
166 201 249 295 293 319 310 396 355 383 469 465 378 420 332 280 323 326 328 420 394 367 227 226 172 208 266 279 333 330 383 380 368 457 445 460 457 347 348 322 310 348 384 434 347 356 227 215 170 187 278 310 283 359 349 352 347 387 445 500 373 394 392 304 273 341 372 378 425 334 252 196 182 224 232 276 310 356 349 348 364 443 406 405 448 403 332 350 323 367 336 439 394 315 244 215 
#    in scenario 8 for all time periods :
162 203 283 291 297 363 337 364 403 401 406 430 411 368 364 322 270 356 336 429 377 297 235 222 162 198 280 304 283 352 310 320 390 448 464 470 434 433 376 350 280 367 332 425 381 304 246 208 178 205 278 307 313 297 307 336 394 387 478 470 429 394 324 304 320 297 384 415 420 308 246 210 194 194 269 295 277 341 326 356 425 453 450 405 406 347 352 304 330 293 344 425 377 319 241 212 
#    in scenario 9 for all time periods :
182 189 278 291 317 341 383 380 360 397 454 485 373 412 392 315 307 319 376 453 386 352 232 194 188 215 230 282 330 334 307 384 377 453 474 440 429 433 344 301 303 326 368 387 425 319 258 194 166 194 238 253 307 297 322 396 377 411 478 445 453 364 320 318 327 319 348 378 373 330 278 226 190 217 275 272 280 345 330 328 355 411 474 485 415 381 388 332 327 367 352 415 347 341 266 187 
# at node 3
#    in scenario 0 for all time periods :
162 187 283 304 297 352 307 348 420 467 459 430 457 351 368 322 317 367 356 434 433 308 244 231 176 187 269 276 300 359 349 388 368 378 440 450 373 425 348 346 330 352 340 387 425 348 238 233 174 224 252 253 300 363 376 372 416 387 387 450 387 399 372 336 317 348 376 439 360 304 280 203 160 233 252 317 313 323 326 332 355 425 411 445 429 364 332 332 280 341 368 373 407 297 238 224 
#    in scenario 1 for all time periods :
198 226 249 301 290 319 364 328 433 443 401 400 439 407 352 346 310 304 344 373 364 330 258 231 162 203 278 310 273 356 318 328 373 443 425 445 429 407 324 322 330 359 340 434 407 308 258 224 186 222 230 282 320 356 356 336 394 462 445 490 397 368 320 326 273 293 348 453 403 315 272 196 186 224 266 257 300 341 322 348 394 429 435 490 401 420 356 280 273 348 368 467 425 359 269 194 
#    in scenario 2 for all time periods :
180 215 266 295 307 301 360 376 355 453 392 435 457 399 356 329 280 297 368 415 386 312 252 198 174 231 238 269 333 359 353 340 420 397 464 435 387 429 360 280 330 308 368 406 407 356 230 194 182 233 264 314 317 308 383 336 416 439 478 470 453 368 388 343 313 334 324 397 394 359 266 194 200 212 255 288 267 319 364 328 416 439 435 475 448 381 376 287 297 334 364 415 412 326 252 219 
#    in scenario 3 for all time periods :
192 201 266 301 297 367 345 340 360 462 401 455 425 381 328 301 323 348 344 387 381 323 266 198 186 201 235 301 277 359 341 348 394 443 454 465 448 368 400 350 300 319 356 373 403 345 246 203 196 203 275 304 293 341 380 380 433 387 450 400 383 390 388 287 333 323 376 467 381 323 275 201 200 231 241 314 297 326 326 372 360 457 464 455 439 386 360 332 267 348 376 443 394 319 227 191 
#    in scenario 4 for all time periods :
192 219 244 257 317 330 310 372 373 420 459 445 411 429 368 312 307 301 388 387 394 330 264 224 182 208 280 295 287 319 337 340 351 411 430 400 443 433 332 301 303 293 328 443 433 352 275 210 168 189 238 301 333 308 356 384 364 462 396 440 429 425 320 294 330 356 320 425 433 359 246 215 170 224 249 282 320 312 307 396 355 415 478 415 443 412 352 304 297 330 396 443 390 330 261 196 
#    in scenario 5 for all time periods :
166 203 264 272 300 326 322 340 416 429 464 425 457 386 400 322 297 341 360 425 416 308 232 210 188 226 249 272 280 345 310 384 360 439 483 455 397 373 356 287 290 293 364 401 425 319 283 189 178 194 241 288 313 297 322 340 403 401 387 475 420 347 388 301 327 301 328 434 360 352 246 215 180 208 272 291 307 304 360 372 373 383 459 500 406 347 376 332 330 315 368 462 381 330 258 229 
#    in scenario 6 for all time periods :
200 203 278 260 297 323 314 328 390 415 478 415 406 399 360 340 300 359 400 434 407 356 227 196 198 210 244 285 333 308 337 392 429 415 474 465 462 386 360 343 270 293 368 434 373 301 227 196 170 201 280 314 280 334 353 384 394 429 401 465 373 381 388 318 310 312 336 457 386 301 230 198 190 201 272 285 333 315 360 336 381 411 464 500 378 403 328 350 327 323 344 401 373 304 244 229 
#    in scenario 7 for all time periods :
194 219 264 317 297 363 341 340 416 453 396 500 457 373 352 294 327 356 372 401 360 323 258 219 188 212 246 253 280 341 310 344 399 457 416 485 387 377 348 336 320 363 360 378 403 323 232 210 174 212 255 304 333 356 356 356 412 420 406 450 383 377 376 312 320 315 348 420 377 326 235 196 184 217 283 279 333 330 322 388 355 411 406 425 429 416 376 346 267 367 388 434 347 341 249 229 
#    in scenario 8 for all time periods :
180 226 283 257 277 356 322 344 412 392 387 445 439 399 376 332 273 352 356 397 394 341 278 187 174 217 227 279 320 323 318 328 368 378 435 460 383 425 324 318 303 319 400 467 377 345 269 233 200 205 255 257 317 301 364 372 399 457 425 420 406 373 380 280 287 323 396 387 394 323 238 208 180 191 227 257 333 304 314 348 399 420 411 425 448 433 384 346 280 345 388 387 364 301 244 229 
#    in scenario 9 for all time periods :
172 233 269 279 303 323 372 384 390 406 445 485 439 429 340 304 303 367 380 378 386 356 238 212 178 187 261 282 310 304 341 368 351 425 478 400 453 416 340 315 293 323 392 462 368 323 280 189 182 233 246 291 320 326 307 400 377 453 425 400 420 347 400 280 317 352 364 411 399 297 275 189 162 203 238 288 297 326 341 332 377 373 387 400 443 355 384 308 310 297 356 443 420 359 246 229 
# at node 4
#    in scenario 0 for all time periods :
192 224 261 298 313 337 330 336 360 392 469 490 457 351 360 322 293 319 368 392 373 323 261 205 192 198 275 279 267 323 372 356 355 434 396 455 392 412 384 304 290 319 332 415 377 312 272 210 184 189 230 253 287 315 356 332 412 425 445 485 387 381 324 308 280 293 392 406 403 356 232 226 166 203 272 310 273 348 337 360 416 453 416 410 373 429 380 284 267 363 372 462 399 293 258 196 
#    in scenario 1 for all time periods :
186 233 272 269 297 367 364 352 347 415 469 475 453 368 328 280 290 308 332 373 347 363 238 189 168 222 249 269 277 345 345 340 347 406 450 445 457 377 340 308 327 363 336 467 364 330 246 201 190 191 258 317 287 356 353 376 377 378 430 500 392 390 380 294 267 356 336 401 381 356 249 231 170 208 227 253 333 352 310 340 403 467 459 425 434 377 328 340 277 330 380 467 364 304 261 226 
#    in scenario 2 for all time periods :
200 201 255 291 270 297 349 320 420 425 411 405 420 394 364 287 323 356 332 392 390 337 241 231 160 226 235 310 290 345 360 380 416 415 387 475 387 416 380 318 287 341 332 457 416 319 258 198 200 191 230 272 330 330 356 356 425 448 440 490 420 360 400 315 277 337 368 439 360 359 269 201 198 226 246 295 317 326 341 396 386 397 396 400 397 377 396 346 293 308 376 397 377 367 269 233 
#    in scenario 3 for all time periods :
194 226 255 317 290 356 364 324 416 415 406 500 397 355 356 326 297 348 364 467 373 315 261 208 190 208 283 310 280 315 364 328 412 397 478 405 453 399 380 280 287 301 320 392 403 297 255 203 174 198 252 279 317 297 330 392 412 387 450 400 383 355 400 329 303 367 372 378 347 297 238 196 172 233 235 295 313 315 310 360 351 411 478 410 443 373 340 343 320 330 324 373 433 348 232 198 
#    in scenario 4 for all time periods :
186 229 249 301 270 356 360 344 394 453 483 430 401 403 388 287 310 348 376 378 347 315 249 191 176 229 252 304 300 304 356 372 347 387 435 465 387 420 328 280 280 330 320 457 386 323 275 210 160 224 283 285 277 356 307 340 368 467 430 440 467 386 372 304 283 319 360 406 381 319 232 196 180 219 241 291 267 348 383 384 347 378 425 430 425 373 392 294 280 301 360 401 390 330 238 205 
#    in scenario 5 for all time periods :
192 189 269 301 333 301 376 356 412 443 406 430 378 420 344 350 283 312 324 415 360 363 272 189 178 205 232 295 267 312 364 364 364 462 464 440 411 390 352 332 297 323 396 415 394 337 283 222 188 187 232 304 333 363 307 352 373 425 454 455 378 394 360 294 333 319 384 439 351 301 266 205 200 229 235 314 320 345 307 332 412 401 396 425 411 429 392 304 320 363 356 406 394 330 227 226 
#    in scenario 6 for all time periods :
198 215 246 282 267 326 376 348 347 415 440 430 457 420 368 332 327 293 396 383 420 315 280 231 178 229 269 298 323 297 364 388 407 439 474 400 425 416 320 294 300 330 348 434 390 348 258 194 192 224 258 263 290 297 345 400 368 397 474 470 415 403 320 298 283 337 332 443 377 293 258 229 192 191 272 310 303 308 318 332 381 378 401 465 392 381 340 336 267 308 336 453 420 334 280 189 
#    in scenario 7 for all time periods :
182 215 238 272 307 337 341 372 347 439 425 455 420 429 372 336 287 367 376 406 433 319 283 198 174 208 278 272 297 304 368 352 386 378 411 495 439 386 348 287 290 297 328 443 407 334 269 233 188 210 266 295 303 326 330 356 386 401 474 465 373 399 332 332 317 312 372 411 364 359 269 210 160 187 241 310 313 337 330 364 394 415 474 500 453 429 396 326 313 315 376 406 351 341 269 210 
#    in scenario 8 for all time periods :
190 198 230 310 330 334 326 388 386 387 425 445 448 368 348 308 333 352 384 378 425 319 261 224 174 219 230 310 290 319 372 324 429 434 459 460 443 425 372 315 307 297 344 411 429 363 269 233 182 191 280 260 307 293 368 384 407 401 420 405 462 420 388 326 323 356 336 373 377 334 278 191 178 196 264 298 313 304 322 340 429 457 459 490 392 407 372 336 313 352 332 401 407 363 249 208 
#    in scenario 9 for all time periods :
182 219 269 307 270 348 356 340 425 373 483 405 397 355 364 312 307 345 376 411 347 330 238 187 198 203 252 257 293 356 307 320 360 392 396 450 401 412 376 294 267 359 340 378 373 326 244 224 170 189 249 260 313 359 356 352 364 411 483 455 420 394 360 290 310 337 392 443 355 341 227 194 176 229 266 260 273 356 376 332 429 378 406 470 373 429 372 304 303 308 352 462 390 330 275 194 
# at node 5
#    in scenario 0 for all time periods :
196 233 272 301 280 297 356 320 390 392 416 465 457 368 352 304 290 367 376 425 429 356 272 208 196 189 266 298 267 312 326 396 403 415 392 490 429 381 388 287 297 319 400 392 420 312 255 226 188 203 244 285 303 348 341 368 394 443 387 470 434 386 340 290 310 356 376 411 412 341 278 233 172 212 264 266 273 301 318 368 386 392 440 425 439 390 384 332 333 323 384 439 355 312 272 187 
#    in scenario 1 for all time periods :
194 208 272 295 323 301 326 368 386 429 474 445 467 381 360 350 307 304 368 397 403 359 280 198 170 217 227 253 313 308 345 372 386 411 454 470 425 355 340 340 307 341 320 429 429 348 252 219 170 205 230 253 327 356 356 336 407 397 430 465 457 420 336 287 280 363 356 411 399 323 264 229 180 215 275 295 280 356 310 356 364 457 416 490 420 429 352 340 313 356 400 462 425 337 272 198 
#    in scenario 2 for all time periods :
168 210 232 253 273 315 330 356 390 439 425 435 448 373 400 318 273 297 380 434 368 348 246 210 200 231 272 266 280 359 356 376 373 467 464 455 429 364 324 298 300 330 380 462 412 304 235 210 164 229 227 295 333 315 318 360 364 425 483 450 462 347 360 329 327 319 340 457 403 356 241 224 160 222 275 291 323 334 341 324 390 443 450 420 401 403 392 346 273 345 368 392 425 341 241 198 
#    in scenario 3 for all time periods :
162 224 230 272 287 323 364 348 433 425 411 455 392 381 400 343 330 348 392 429 364 326 261 219 186 210 266 298 333 293 322 400 377 434 392 435 443 386 380 326 327 330 400 406 394 308 280 210 194 194 235 317 327 304 330 344 403 467 406 420 415 386 348 315 333 312 340 420 355 326 252 229 166 196 258 272 310 356 345 388 377 392 392 470 392 403 384 332 330 356 328 434 351 308 227 222 
#    in scenario 4 for all time periods :
184 217 264 257 270 337 383 400 425 443 483 470 415 425 348 308 297 356 380 457 399 315 261 231 198 217 278 269 270 363 368 320 403 467 420 405 434 381 400 346 310 337 320 462 429 293 280 210 176 205 249 307 293 301 364 320 381 415 445 480 453 364 324 308 320 304 336 378 364 352 255 226 182 215 235 276 330 348 368 348 386 457 435 470 415 420 360 326 283 345 384 378 420 312 264 215 
#    in scenario 5 for all time periods :
170 189 264 266 303 312 353 380 368 411 416 485 448 355 376 308 293 323 392 420 403 319 252 208 174 212 232 288 323 312 310 332 399 406 401 475 467 386 348 315 283 293 328 415 381 359 272 231 164 231 280 304 330 315 368 348 407 383 401 465 415 433 368 326 333 367 400 411 399 337 266 233 180 203 252 295 317 297 307 368 364 420 430 430 406 381 348 294 327 326 332 373 373 359 278 198 
#    in scenario 6 for all time periods :
196 212 230 307 333 312 310 400 433 387 469 470 406 429 376 336 293 326 324 411 433 348 275 217 166 210 272 298 293 308 383 320 407 406 406 500 392 394 396 350 293 301 320 387 347 356 249 205 184 205 235 257 313 337 372 384 429 387 396 490 439 360 364 294 297 319 380 406 403 297 244 212 194 222 280 301 290 297 326 392 386 392 401 405 434 377 336 298 283 334 336 439 394 352 227 191 
#    in scenario 7 for all time periods :
176 203 232 279 283 319 349 360 416 439 420 415 406 399 320 287 273 352 340 415 368 352 283 226 192 205 241 314 310 367 337 348 425 378 392 420 415 355 352 290 330 337 384 397 364 352 246 212 178 201 266 253 297 297 334 344 433 453 440 410 453 368 352 343 273 363 324 378 403 337 264 233 168 205 227 298 320 301 310 348 399 383 401 500 439 381 376 318 310 301 324 378 429 334 252 219 
#    in scenario 8 for all time periods :
200 201 261 301 303 341 368 332 377 397 392 470 448 364 400 290 270 304 380 434 394 315 258 224 178 187 232 295 267 367 353 384 403 401 474 475 397 433 364 340 267 348 360 429 347 293 241 189 166 229 241 272 330 301 330 336 416 443 416 480 453 420 400 343 307 337 348 397 429 348 230 205 188 224 280 279 327 341 341 332 433 439 392 425 457 373 340 287 333 308 360 401 381 319 264 187 
#    in scenario 9 for all time periods :
168 222 261 276 313 315 345 344 386 448 392 400 425 390 400 284 280 319 372 373 351 323 241 219 174 219 244 310 283 297 330 396 351 443 392 415 462 373 320 284 277 330 328 462 360 352 230 212 198 187 275 260 330 319 330 360 390 462 392 465 387 381 344 287 310 326 324 434 407 352 230 219 192 217 244 301 267 308 345 336 394 387 420 420 415 420 392 294 270 297 396 373 364 304 258 194 
#Maximum capacity P+gs :
# generator 0 for all scenarios
396 450 405 455 364 423 450 510 473 419 
# generator 1 for all scenarios
469 364 528 419 537 396 378 532 532 546 
# generator 2 for all scenarios
121 130 140 117 113 109 150 146 136 104 
# generator 3 for all scenarios
130 110 104 156 116 138 148 104 129 112 
# generator 4 for all scenarios
180 151 162 194 177 193 165 154 133 178 
# generator 5 for all scenarios
93 92 73 66 87 64 65 66 82 70 
# generator 6 for all scenarios
82 83 100 98 92 95 75 90 81 76 
# generator 7 for all scenarios
44 52 56 56 45 60 47 47 51 63 
# generator 8 for all scenarios
54 54 55 50 53 48 56 51 58 45 
# generator 9 for all scenarios
44 62 62 54 60 53 56 57 59 45 
# generator 10 for all scenarios
437 487 405 391 432 491 487 378 455 519 
# generator 11 for all scenarios
496 419 455 460 482 491 391 369 391 446 
# generator 12 for all scenarios
105 135 127 140 156 108 110 152 107 146 
# generator 13 for all scenarios
127 152 112 143 121 107 142 108 140 104 
# generator 14 for all scenarios
172 134 139 130 151 180 160 133 185 141 
# generator 15 for all scenarios
85 79 66 74 74 67 74 69 93 83 
# generator 16 for all scenarios
96 87 94 73 100 71 97 71 94 99 
# generator 17 for all scenarios
59 50 47 53 57 52 50 47 65 56 
# generator 18 for all scenarios
63 57 45 48 62 65 61 62 47 62 
# generator 19 for all scenarios
65 57 56 45 51 57 61 55 66 60 
#Minimum capacity P-gs:
# generator 0 for all scenarios
156 122 180 174 150 122 130 126 176 158 
# generator 1 for all scenarios
130 178 178 169 176 122 142 159 169 141 
# generator 2 for all scenarios
19 17 16 24 18 22 19 17 21 17 
# generator 3 for all scenarios
17 17 16 18 18 22 17 20 20 22 
# generator 4 for all scenarios
30 21 29 20 27 30 28 29 26 27 
# generator 5 for all scenarios
20 23 23 22 16 20 18 19 17 18 
# generator 6 for all scenarios
29 28 23 29 22 29 28 23 28 22 
# generator 7 for all scenarios
12 9 10 12 11 9 12 10 8 8 
# generator 8 for all scenarios
9 12 11 10 10 12 9 9 11 11 
# generator 9 for all scenarios
10 10 10 10 10 12 9 10 8 12 
# generator 10 for all scenarios
174 160 159 177 120 158 165 168 150 169 
# generator 11 for all scenarios
156 134 180 140 165 158 150 126 130 153 
# generator 12 for all scenarios
18 16 24 23 21 21 19 19 20 20 
# generator 13 for all scenarios
20 23 23 17 17 16 23 19 20 22 
# generator 14 for all scenarios
26 27 28 29 22 22 22 23 21 26 
# generator 15 for all scenarios
22 22 21 24 23 24 21 23 21 24 
# generator 16 for all scenarios
25 28 30 23 26 20 21 28 24 26 
# generator 17 for all scenarios
12 11 11 11 9 11 10 9 9 9 
# generator 18 for all scenarios
12 12 9 11 8 11 8 11 10 8 
# generator 19 for all scenarios
8 12 8 9 10 8 8 10 11 11 
#Maximum ramping for all generators R+g :
250 250 80 80 25 20 25 10 10 10 250 250 80 80 25 20 25 10 10 10 
#Minimum ramping for all generators R-g :
150 150 20 20 25 20 25 10 10 10 150 150 20 20 25 20 25 10 10 10 
#Minimum up time for all generators UTg :
8 8 5 5 6 3 3 1 1 1 8 8 5 5 6 3 3 1 1 1 
#Minimum down time for all generators DTg :
8 8 5 5 6 3 3 1 1 1 8 8 5 5 6 3 3 1 1 1 
#Number of period : N=T
#Total reserve for all time periods Tt : 
60.0 70.0 85.0 95.0 100.0 110.0 115.0 120.0 130.0 140.0 145.0 150.0 140.0 130.0 120.0 105.0 100.0 110.0 120.0 140.0 130.0 110.0 85.0 70.0 60.0 70.0 85.0 95.0 100.0 110.0 115.0 120.0 130.0 140.0 145.0 150.0 140.0 130.0 120.0 105.0 100.0 110.0 120.0 140.0 130.0 110.0 85.0 70.0 60.0 70.0 85.0 95.0 100.0 110.0 115.0 120.0 130.0 140.0 145.0 150.0 140.0 130.0 120.0 105.0 100.0 110.0 120.0 140.0 130.0 110.0 85.0 70.0 60.0 70.0 85.0 95.0 100.0 110.0 115.0 120.0 130.0 140.0 145.0 150.0 140.0 130.0 120.0 105.0 100.0 110.0 120.0 140.0 130.0 110.0 85.0 70.0 
#Fast reserve for all time periods Ft : 
7.5 8.75 10.625 11.875 12.5 13.75 14.375 15.0 16.25 17.5 18.125 18.75 17.5 16.25 15.0 13.125 12.5 13.75 15.0 17.5 16.25 13.75 10.625 8.75 7.5 8.75 10.625 11.875 12.5 13.75 14.375 15.0 16.25 17.5 18.125 18.75 17.5 16.25 15.0 13.125 12.5 13.75 15.0 17.5 16.25 13.75 10.625 8.75 7.5 8.75 10.625 11.875 12.5 13.75 14.375 15.0 16.25 17.5 18.125 18.75 17.5 16.25 15.0 13.125 12.5 13.75 15.0 17.5 16.25 13.75 10.625 8.75 7.5 8.75 10.625 11.875 12.5 13.75 14.375 15.0 16.25 17.5 18.125 18.75 17.5 16.25 15.0 13.125 12.5 13.75 15.0 17.5 16.25 13.75 10.625 8.75 
#Susceptance Bls : 
#Line 0 in all scenarios
0.65 0.68 0.81 0.6 0.78 0.87 0.78 0.76 0.8 0.73 
#Line 1 in all scenarios
0.9 0.75 0.69 0.64 0.84 0.63 0.83 0.68 0.86 0.68 
#Line 2 in all scenarios
0.67 0.85 0.75 0.73 0.79 0.78 0.79 0.78 0.8 0.73 
#Line 3 in all scenarios
0.61 0.66 0.65 0.73 0.62 0.69 0.62 0.76 0.66 0.63 
#Line 4 in all scenarios
0.78 0.6 0.9 0.89 0.78 0.83 0.7 0.71 0.66 0.89 
#Line 5 in all scenarios
0.65 0.63 0.76 0.83 0.86 0.87 0.84 0.71 0.61 0.64 
#Line 6 in all scenarios
0.65 0.71 0.66 0.68 0.86 0.7 0.7 0.64 0.89 0.66 
#Line 7 in all scenarios
0.73 0.84 0.62 0.86 0.75 0.75 0.86 0.86 0.81 0.64 
#Line 8 in all scenarios
0.65 0.86 0.67 0.71 0.81 0.78 0.79 0.87 0.88 0.68 
#Line 9 in all scenarios
0.78 0.78 0.76 0.65 0.84 0.85 0.76 0.71 0.8 0.6 
#Line 10 in all scenarios
0.88 0.8 0.7 0.63 0.89 0.6 0.79 0.89 0.79 0.63 
#Line 11 in all scenarios
0.85 0.75 0.61 0.64 0.74 0.78 0.65 0.79 0.9 0.72 
#Line 12 in all scenarios
0.61 0.65 0.81 0.89 0.8 0.67 0.9 0.83 0.8 0.78 
#Line 13 in all scenarios
0.9 0.7 0.82 0.74 0.64 0.81 0.68 0.8 0.79 0.65 
#Line 14 in all scenarios
0.61 0.67 0.84 0.87 0.9 0.62 0.65 0.8 0.82 0.64 
#Line 15 in all scenarios
0.63 0.65 0.83 0.73 0.72 0.63 0.88 0.6 0.65 0.62 
#Line 16 in all scenarios
0.75 0.8 0.85 0.88 0.9 0.69 0.76 0.74 0.86 0.71 
#Line 17 in all scenarios
0.63 0.9 0.9 0.89 0.72 0.84 0.86 0.67 0.77 0.87 
#Maximum capacity of all lines TCl : 
667 667 667 667 667 667 667 667 667 667 667 667 667 667 667 667 667 667 
#Fast reserve limit of all generators FRg : 
250 250 80 80 25 20 25 10 10 10 250 250 80 80 25 20 25 10 10 10 
#No import groups ICj 
#No polarity gamma-jl 
