#Number of generators G :
20
#Gs :
1 3 5 7 8 10 11 12 13 14 15 16 18 19 
#Gf :
2 4 6 9 17 20 
#S :
10
#T :
96
#L :
21
#N :
7
#Gn (one line contains indices of generators at a node) :
#node 0
1 2 3 4 
#node 1
5 6 7 
#node 2
8 9 10 11 12 
#node 3
13 14 15 16 
#node 4
17 18 
#node 5
19 
#node 6
20 
#LIn (one line contains incoming lines at a node) :
#node 0
7-1 6-1 5-1 
#node 1
1-2 7-2 6-2 
#node 2
2-3 1-3 7-3 
#node 3
3-4 2-4 1-4 
#node 4
4-5 3-5 2-5 
#node 5
5-6 4-6 3-6 
#node 6
6-7 5-7 4-7 
#LOn (one line contains outgoing lines at a node) :
#node 0
1-2 1-3 1-4 
#node 1
2-3 2-4 2-5 
#node 2
3-4 3-5 3-6 
#node 3
4-5 4-6 4-7 
#node 4
5-6 5-7 5-1 
#node 5
6-7 6-1 6-2 
#node 6
7-1 7-2 7-3 
#No import group IG
#No lines in import groups IGj 
#Probability of each scenario ps : 
0.1 0.1 0.1 0.1 0.1 0.1 0.1 0.1 0.1 0.1 
#minimum load cost of generators Kg :
1000 970 700 680 450 370 480 660 665 670 1000 970 700 680 450 370 480 660 665 670 
#start-up of generators Sg :
4500 5000 550 560 900 170 260 30 30 30 4500 5000 550 560 900 170 260 30 30 30 
#marginal cost of generators Cg :
16.19 17.26 16.6 16.5 19.7 22.26 27.74 25.92 27.27 27.79 16.19 17.26 16.6 16.5 19.7 22.26 27.74 25.92 27.27 27.79 
#demand Dnst :
# at node 0
#    in scenario 0 for all time periods :
156 192 221 266 266 251 315 298 319 356 360 351 336 360 305 291 234 286 278 372 308 258 236 166 141 198 240 271 234 308 266 312 331 368 340 407 400 371 295 285 246 261 278 356 319 264 199 174 161 198 219 244 277 277 312 339 368 324 369 356 328 297 339 258 266 280 312 384 323 270 202 172 159 200 209 223 269 255 319 281 327 328 402 399 384 319 326 252 269 258 288 400 331 311 236 168 
#    in scenario 1 for all time periods :
171 184 240 258 283 311 296 343 357 340 331 369 340 305 315 282 229 251 312 324 345 289 223 190 161 194 226 271 260 283 325 322 331 356 402 403 344 357 298 246 251 292 288 340 312 305 211 166 170 184 221 239 237 311 273 295 360 352 336 403 368 345 298 285 286 286 305 352 316 289 209 162 161 176 233 255 237 286 299 312 349 372 360 424 388 357 295 267 277 267 305 320 334 258 202 174 
#    in scenario 2 for all time periods :
168 194 194 217 234 270 292 326 308 392 365 407 392 305 333 267 237 273 278 348 357 314 238 192 170 196 214 269 243 283 286 333 323 332 373 403 320 364 285 240 251 302 336 356 349 314 199 190 159 192 231 225 231 299 302 312 312 328 369 369 396 338 305 285 271 314 281 348 316 311 228 196 168 188 221 236 243 283 296 339 360 320 336 416 332 316 298 240 251 255 333 356 334 251 238 190 
#    in scenario 3 for all time periods :
144 168 240 271 283 302 292 285 371 400 356 356 380 319 329 273 263 261 274 368 297 299 231 198 166 198 199 242 243 264 276 305 360 344 336 390 380 371 278 255 229 273 319 320 319 283 226 186 142 186 204 239 249 270 315 309 327 368 356 347 380 316 336 261 234 277 305 328 305 308 223 188 166 172 216 271 283 258 283 274 349 364 344 407 380 357 312 276 243 314 336 324 297 280 209 160 
#    in scenario 4 for all time periods :
147 182 194 261 269 289 269 291 338 368 336 390 388 364 333 279 254 270 343 348 308 314 194 162 146 194 231 228 246 264 319 295 345 400 352 403 372 371 336 273 266 277 305 380 345 299 231 184 170 180 243 269 249 295 273 315 308 368 389 429 388 312 281 246 246 280 343 368 319 255 214 198 142 184 197 233 240 305 292 312 334 400 365 373 328 371 333 285 280 264 278 376 357 308 221 196 
#    in scenario 5 for all time periods :
141 200 204 255 246 289 299 278 297 384 414 347 396 345 291 291 260 270 298 400 331 277 211 170 141 188 209 217 240 292 286 298 360 384 402 390 332 342 319 258 286 314 343 340 360 255 233 182 137 182 199 223 243 311 286 298 327 384 414 429 360 371 319 288 257 258 319 344 312 311 219 194 151 174 233 255 286 255 269 322 305 344 331 343 384 371 339 249 229 311 291 396 357 280 221 200 
#    in scenario 6 for all time periods :
139 186 233 269 257 277 312 274 338 332 348 411 356 338 309 285 274 258 274 336 301 295 214 174 141 194 236 252 257 314 319 319 312 376 389 399 392 297 326 273 283 311 336 356 331 311 211 166 151 186 231 271 234 255 299 295 353 364 348 369 360 308 343 249 277 255 319 364 319 280 223 178 171 194 194 236 231 267 273 312 338 356 414 356 336 349 329 282 237 261 329 328 349 314 197 186 
#    in scenario 7 for all time periods :
154 166 236 220 251 283 312 339 349 328 398 390 376 345 336 252 266 251 281 368 316 308 194 190 158 184 236 231 240 261 322 285 319 328 365 369 396 331 278 282 237 264 288 384 360 314 231 186 161 200 194 255 251 251 263 343 312 352 344 369 372 349 285 276 246 280 315 340 312 277 209 196 156 178 221 269 231 255 273 291 342 384 356 416 388 360 291 252 269 255 291 368 334 280 231 198 
#    in scenario 8 for all time periods :
139 192 226 261 280 311 286 315 323 340 336 403 340 334 312 240 229 280 315 360 301 295 236 196 139 166 226 263 283 314 302 315 364 368 398 416 372 331 319 252 231 299 309 340 319 277 228 178 154 172 219 263 263 305 315 278 316 328 389 390 368 305 326 261 266 295 326 372 357 308 236 174 168 186 231 244 286 305 306 298 334 324 414 360 328 360 302 279 257 251 291 376 316 277 209 190 
#    in scenario 9 for all time periods :
170 174 238 220 271 305 312 291 331 360 356 403 344 297 329 246 271 277 295 368 308 311 194 188 158 180 197 261 254 305 276 322 349 376 348 407 348 301 298 258 240 255 278 396 334 270 231 168 154 198 231 261 243 255 279 329 308 392 406 390 364 345 305 255 277 280 343 324 353 305 223 196 156 174 209 261 269 255 319 295 301 388 352 364 336 364 343 246 229 314 339 400 316 267 209 176 
# at node 1
#    in scenario 0 for all time periods :
154 178 199 223 283 270 263 339 331 348 344 343 364 334 333 279 254 277 291 368 308 261 199 176 158 170 238 258 246 314 312 288 353 360 340 399 376 371 288 273 249 261 298 376 331 255 219 160 154 170 194 252 280 305 302 288 342 360 340 356 348 338 305 300 266 305 302 356 305 255 199 198 156 176 206 250 257 280 279 319 312 348 381 377 340 371 305 300 231 314 312 336 364 258 216 178 
#    in scenario 1 for all time periods :
149 192 216 255 249 264 269 298 360 352 369 373 368 345 285 261 257 280 291 320 345 314 214 160 149 178 211 228 249 299 289 329 353 360 410 369 320 319 333 255 249 251 274 376 319 302 236 162 147 176 238 252 257 283 283 274 342 372 344 343 400 360 278 255 246 302 315 344 353 277 223 184 137 186 211 252 283 251 283 278 349 384 348 416 384 331 278 249 240 286 315 360 368 286 233 160 
#    in scenario 2 for all time periods :
171 194 238 269 266 308 269 322 342 324 406 360 396 312 343 273 234 305 305 360 323 270 243 174 163 172 226 223 229 302 286 274 364 384 385 369 356 316 329 258 229 251 336 360 364 280 206 182 151 180 197 258 249 295 312 274 342 340 336 394 356 338 343 273 257 251 281 336 364 295 204 174 156 182 199 261 246 295 299 274 334 328 336 373 384 345 339 249 254 308 339 372 327 258 202 194 
#    in scenario 3 for all time periods :
171 184 236 250 283 289 319 285 327 368 406 360 384 353 278 273 257 305 274 368 323 264 194 168 170 190 199 247 243 270 325 326 297 368 331 420 360 312 326 285 260 280 343 400 353 311 233 186 170 166 231 236 254 270 289 305 357 340 414 386 324 312 309 261 237 277 298 380 297 261 216 160 154 200 204 231 257 286 269 305 353 368 385 390 348 301 298 294 286 283 315 336 345 280 231 180 
#    in scenario 4 for all time periods :
156 172 204 231 251 258 289 298 312 368 381 369 372 297 315 240 286 261 312 372 327 264 194 176 154 180 202 252 254 251 322 309 368 364 369 420 396 316 288 270 257 280 326 360 308 305 216 188 171 162 238 255 260 270 283 302 368 320 348 386 376 360 322 273 229 273 315 360 368 314 216 168 165 200 236 258 246 267 286 312 308 348 331 407 352 371 326 273 277 302 298 332 316 277 206 186 
#    in scenario 5 for all time periods :
158 162 214 228 269 292 319 343 345 328 360 420 324 312 302 240 271 264 305 332 323 277 240 186 165 172 211 242 266 286 273 281 316 364 344 407 400 297 295 249 257 302 315 336 316 267 209 200 154 168 236 266 249 270 289 288 342 388 394 369 324 308 339 291 251 277 322 364 371 295 199 180 153 160 233 244 251 264 302 339 368 348 373 390 364 301 298 273 254 289 343 376 338 286 199 182 
#    in scenario 6 for all time periods :
154 192 221 266 271 273 315 281 297 360 360 386 380 323 302 258 263 264 333 376 297 273 197 180 168 176 206 239 240 292 292 291 323 352 398 386 320 297 329 279 249 289 326 340 368 273 236 200 137 196 238 255 234 273 302 305 338 340 360 429 348 312 305 261 269 292 274 328 360 264 216 186 139 166 202 239 286 283 276 274 331 360 365 369 384 297 302 291 260 292 319 352 316 280 238 174 
#    in scenario 7 for all time periods :
159 200 236 233 283 299 296 329 338 360 360 403 340 353 291 246 269 277 298 368 319 286 214 172 166 196 231 271 283 251 289 288 319 372 414 360 352 297 315 255 280 289 305 332 360 280 214 184 171 196 194 217 263 267 312 291 319 384 336 373 360 308 274 294 237 308 291 360 305 251 214 180 144 192 223 225 249 302 302 274 297 356 360 347 372 316 343 276 277 314 329 352 342 289 238 190 
#    in scenario 8 for all time periods :
170 164 211 269 243 314 319 309 305 384 410 343 328 357 319 291 274 255 329 400 331 289 197 172 156 198 236 269 263 305 299 302 323 360 414 373 372 323 305 294 231 283 309 392 297 299 233 188 137 198 194 266 266 302 329 285 312 352 389 407 380 353 326 282 231 283 343 396 360 292 194 180 137 176 223 261 231 289 299 295 338 372 394 381 364 349 285 261 286 267 339 380 316 267 197 178 
#    in scenario 9 for all time periods :
141 190 219 217 234 258 309 278 364 396 352 416 360 305 291 255 260 302 343 320 323 251 211 174 153 180 243 220 271 314 286 326 305 340 394 364 328 334 326 249 283 267 329 380 338 270 219 184 147 168 226 247 257 286 329 322 353 388 373 424 352 364 339 264 286 264 322 384 323 251 214 182 156 194 216 255 254 273 322 333 319 340 344 390 360 353 305 267 283 261 285 328 308 258 199 182 
# at node 2
#    in scenario 0 for all time periods :
146 178 226 228 237 280 289 274 345 332 348 399 372 349 274 258 231 280 291 340 308 299 221 174 168 192 240 223 274 267 302 309 319 352 410 351 328 297 281 300 266 292 291 356 342 295 194 170 151 162 202 242 260 264 276 309 345 388 356 429 352 312 315 258 286 311 305 332 368 251 194 160 170 186 211 263 263 264 276 278 334 352 373 429 364 364 309 255 257 305 322 328 331 255 231 178 
#    in scenario 1 for all time periods :
144 162 214 223 246 302 289 285 371 320 340 377 380 301 298 240 286 273 339 336 305 314 211 200 168 168 211 228 271 251 289 305 316 368 385 416 336 312 305 252 266 292 322 368 331 302 231 182 158 164 223 233 231 277 266 288 360 340 373 411 320 297 285 261 277 299 298 320 308 314 211 196 158 188 228 252 246 299 296 288 364 400 398 411 372 327 319 294 283 258 291 360 342 267 233 162 
#    in scenario 2 for all time periods :
168 172 216 225 277 286 283 315 371 392 410 356 364 349 326 288 260 280 312 348 334 261 204 190 142 170 202 271 271 273 302 343 368 372 365 356 324 357 288 258 277 258 285 352 368 264 233 184 165 190 236 252 269 299 273 288 364 400 348 351 372 342 322 291 249 286 281 332 297 264 209 188 161 190 233 263 269 255 266 285 364 372 356 360 348 349 319 279 260 251 333 372 323 295 216 184 
#    in scenario 3 for all time periods :
144 174 231 225 286 273 273 319 308 340 385 360 384 360 305 297 286 286 312 324 331 261 216 198 161 194 199 255 269 295 306 336 353 348 381 399 400 334 288 291 263 292 302 336 353 277 204 182 163 190 204 225 269 299 319 329 305 332 360 373 380 357 343 264 263 295 305 324 312 286 238 182 142 190 211 269 231 255 322 339 297 372 377 369 328 327 322 243 263 305 322 368 349 299 243 188 
#    in scenario 4 for all time periods :
170 180 228 250 240 286 315 319 360 352 389 377 348 364 312 288 277 289 305 384 308 292 211 194 146 172 199 266 231 261 312 285 334 324 398 403 380 371 329 285 234 295 326 388 305 270 221 172 158 170 243 233 249 289 273 319 360 376 394 377 320 345 343 240 231 286 312 368 364 255 199 188 141 178 228 252 254 251 312 305 319 356 414 360 364 331 343 264 246 264 285 352 338 267 243 182 
#    in scenario 5 for all time periods :
159 196 206 252 260 295 329 339 323 400 389 386 352 368 295 240 260 251 309 332 368 295 223 188 161 170 236 255 257 255 266 329 312 392 406 399 320 334 302 291 271 258 343 320 349 255 236 178 168 168 238 217 260 277 296 312 316 340 340 390 332 357 315 264 234 283 326 360 316 295 223 164 141 186 197 217 257 311 263 288 364 360 398 407 360 312 285 294 246 286 339 356 342 302 214 188 
#    in scenario 6 for all time periods :
163 162 223 236 286 267 296 288 308 384 373 399 388 305 288 243 237 277 309 392 334 264 238 172 171 166 236 223 240 311 283 339 297 332 381 403 392 368 298 291 283 280 326 332 334 305 202 188 161 160 209 231 231 299 302 329 345 348 394 347 368 364 322 270 286 295 278 396 316 258 233 192 161 172 228 239 249 286 325 336 371 400 360 373 396 364 339 258 257 283 295 336 323 251 202 176 
#    in scenario 7 for all time periods :
147 180 219 255 243 277 286 312 338 340 410 360 396 334 315 249 251 261 329 332 323 258 216 164 141 200 223 217 277 308 302 298 371 400 381 347 380 323 291 279 246 283 288 384 323 251 199 186 166 196 231 239 260 299 319 291 297 332 344 373 380 327 291 276 257 280 288 324 305 258 231 192 168 172 209 271 229 286 286 274 297 360 369 369 368 349 333 270 240 314 288 336 301 273 221 162 
#    in scenario 8 for all time periods :
153 174 216 231 246 302 266 302 319 380 385 429 320 316 288 300 249 283 312 376 353 311 199 184 149 192 223 228 240 295 279 295 334 320 381 343 320 342 336 282 286 295 305 348 368 270 226 160 166 162 223 247 271 264 329 305 342 328 377 377 324 312 274 276 229 299 312 368 305 255 197 168 137 172 223 242 271 261 283 322 305 324 398 369 336 353 281 264 277 255 298 396 342 273 233 160 
#    in scenario 9 for all time periods :
141 194 211 228 229 302 309 298 368 348 348 399 320 327 315 291 240 273 281 384 316 286 219 174 165 192 194 225 260 283 299 285 349 396 348 390 344 368 326 258 263 295 315 356 357 251 243 164 161 162 219 242 254 273 299 302 371 320 360 416 356 353 274 264 251 277 274 384 319 314 206 194 141 192 238 250 246 289 292 333 316 360 402 399 364 342 329 249 277 311 274 364 357 283 197 196 
# at node 3
#    in scenario 0 for all time periods :
149 174 211 228 229 308 319 329 353 364 365 403 376 297 305 246 277 273 319 392 323 277 211 168 137 198 219 228 280 255 309 312 308 396 369 360 388 327 312 270 234 295 329 352 316 261 233 162 166 194 216 252 257 299 296 312 305 376 373 424 332 308 312 276 271 264 278 400 308 264 233 176 168 196 231 228 251 289 283 285 308 400 344 407 324 353 285 279 280 305 305 368 368 311 214 182 
#    in scenario 1 for all time periods :
159 172 197 266 266 305 266 295 371 392 331 429 344 297 281 267 280 283 339 400 327 299 231 168 161 192 233 225 283 305 312 298 334 336 406 351 364 331 281 300 263 311 291 388 349 251 238 168 146 164 226 217 240 264 292 305 371 360 389 356 368 323 295 249 257 314 305 352 331 295 211 188 149 174 202 231 266 311 312 302 353 344 340 381 328 338 278 252 229 283 329 336 323 295 202 186 
#    in scenario 2 for all time periods :
171 160 226 244 271 314 306 315 301 400 365 360 332 301 315 246 263 277 315 332 305 251 240 164 156 178 240 225 260 258 315 295 319 364 414 386 328 323 302 264 257 255 315 400 334 264 228 162 163 176 204 231 240 273 263 298 360 340 336 364 380 364 336 264 274 277 319 340 301 264 231 168 171 164 194 236 280 308 329 295 338 344 365 373 396 357 305 300 254 311 326 396 331 267 228 194 
#    in scenario 3 for all time periods :
158 170 209 228 229 280 306 339 342 328 336 399 332 301 291 279 251 295 302 392 331 314 231 196 163 172 204 263 257 289 302 278 316 324 369 364 364 334 291 240 283 270 326 380 301 283 223 190 166 188 211 225 254 255 319 302 305 336 369 369 320 308 312 243 234 280 333 348 327 261 204 178 165 196 206 223 269 289 312 295 334 360 406 364 332 364 326 261 283 289 326 376 319 299 243 188 
#    in scenario 4 for all time periods :
154 194 202 252 280 286 299 291 323 336 352 416 376 308 309 255 274 258 274 344 334 308 223 182 166 178 240 263 229 286 263 285 308 380 389 364 348 297 302 276 271 308 288 372 327 299 211 174 146 200 214 217 277 273 315 288 364 340 336 429 348 327 291 285 257 273 285 392 323 270 202 162 141 194 236 247 231 261 322 329 305 332 402 356 324 338 333 249 260 258 309 376 349 314 228 180 
#    in scenario 5 for all time periods :
163 188 219 223 251 251 325 302 364 388 331 364 396 319 295 240 266 251 312 340 316 280 231 180 139 194 219 220 260 267 306 288 312 392 365 403 380 312 295 294 229 267 309 384 334 283 240 172 166 188 197 225 234 280 263 305 301 388 398 381 368 297 309 252 249 283 278 376 338 255 204 200 170 164 199 242 260 267 273 285 334 360 389 424 364 364 333 282 251 283 326 340 357 277 199 176 
#    in scenario 6 for all time periods :
163 164 197 258 254 295 296 319 319 340 389 399 392 308 298 291 229 251 319 384 360 258 226 166 165 200 209 228 234 264 329 336 323 328 410 416 332 364 285 255 286 261 309 384 345 261 226 188 163 178 226 231 269 299 312 305 316 336 402 424 368 323 298 285 234 289 295 368 357 286 206 200 170 172 243 236 249 295 276 333 342 328 331 403 384 312 329 285 271 280 305 368 297 264 211 164 
#    in scenario 7 for all time periods :
161 200 233 239 266 295 283 298 357 356 352 351 324 301 309 258 234 270 322 332 319 251 204 200 151 170 236 269 249 305 319 319 297 344 377 416 356 316 302 240 260 251 322 324 371 305 238 192 159 192 211 225 257 277 269 336 338 324 360 369 340 312 305 246 263 251 281 392 312 299 221 170 154 182 204 239 286 302 266 291 334 360 356 411 380 371 312 246 249 277 302 344 371 295 236 196 
#    in scenario 8 for all time periods :
144 184 223 244 286 264 312 302 301 328 356 416 396 357 315 255 240 270 295 324 353 299 221 198 146 186 214 223 263 261 279 333 323 324 389 407 352 327 302 252 249 251 295 320 345 292 226 182 170 200 236 228 286 267 325 298 364 356 331 411 348 345 339 240 280 292 278 364 349 292 238 192 163 188 194 228 229 251 329 333 297 384 331 373 396 323 322 258 274 295 319 376 312 277 231 184 
#    in scenario 9 for all time periods :
146 188 236 261 240 261 269 281 305 320 365 373 364 327 278 300 237 277 278 332 368 251 206 166 141 190 231 225 257 267 266 319 349 352 344 399 400 319 336 264 263 264 339 388 327 280 221 182 151 186 240 225 254 280 302 319 349 332 356 399 372 316 309 273 251 292 326 356 368 302 211 180 151 184 223 223 286 314 283 312 345 372 398 403 364 338 322 291 277 292 285 380 345 308 223 198 
# at node 4
#    in scenario 0 for all time periods :
137 198 211 255 234 286 309 333 349 340 398 399 372 342 274 267 277 261 298 352 349 283 223 168 159 188 199 228 277 258 273 339 301 352 340 381 388 308 281 282 249 295 288 344 338 292 197 180 139 196 197 220 271 292 322 326 312 328 402 347 388 316 329 270 263 305 326 380 360 283 199 192 170 174 243 269 231 286 312 339 331 368 331 416 320 334 326 267 286 311 326 324 327 255 219 178 
#    in scenario 1 for all time periods :
147 182 221 258 263 286 302 312 349 320 352 424 372 297 274 249 263 305 285 384 345 308 243 166 154 188 216 258 274 255 299 333 327 360 369 377 380 305 305 255 231 289 288 380 353 280 202 196 139 160 214 250 274 255 276 329 316 332 336 369 376 327 333 282 243 258 315 328 305 314 226 162 166 200 219 266 254 295 286 274 308 384 373 416 376 323 305 252 283 311 312 328 331 264 221 176 
#    in scenario 2 for all time periods :
161 200 206 231 260 270 329 295 368 400 336 420 400 368 281 291 231 299 274 356 305 273 206 166 171 174 240 233 271 311 322 281 331 328 402 411 396 334 274 243 243 289 298 332 327 292 243 196 158 186 206 217 269 314 269 278 357 340 402 416 384 312 322 240 231 280 319 368 327 314 223 184 149 198 233 242 260 277 292 319 364 340 410 390 364 357 322 240 283 264 336 376 297 302 206 166 
#    in scenario 3 for all time periods :
144 192 231 231 274 273 322 329 342 356 331 364 372 297 319 276 277 261 298 336 360 305 202 194 139 184 199 217 257 255 315 288 357 332 381 390 320 312 329 294 240 283 285 388 357 311 204 164 166 170 236 239 231 261 292 339 334 324 385 356 320 331 326 288 240 302 329 356 297 280 228 174 170 168 209 271 257 264 312 315 327 380 336 373 320 349 319 264 257 273 319 328 345 273 219 162 
#    in scenario 4 for all time periods :
137 194 219 239 260 305 302 274 368 380 365 347 348 305 302 300 271 283 326 344 357 308 197 200 141 190 206 220 231 280 269 312 353 320 340 386 396 297 333 285 280 251 312 348 342 302 199 186 170 176 221 223 260 251 312 281 323 340 348 429 348 308 302 288 237 302 329 392 316 267 211 162 168 180 228 231 251 261 322 285 357 372 377 347 396 316 295 252 246 273 305 360 342 258 221 190 
#    in scenario 5 for all time periods :
158 200 233 247 274 258 299 281 305 352 385 403 356 301 274 279 283 305 312 328 334 311 231 168 142 192 216 269 257 305 309 285 338 336 352 394 392 331 288 276 283 267 298 344 349 273 240 192 142 166 206 247 229 280 299 309 331 364 414 351 320 345 281 258 237 267 285 384 316 289 204 198 149 174 236 228 249 289 273 278 327 392 394 424 360 308 329 300 246 295 281 336 371 283 206 198 
#    in scenario 6 for all time periods :
163 166 206 217 280 273 276 322 338 384 373 403 324 312 326 291 249 283 302 392 316 308 240 170 151 196 197 225 237 258 329 274 364 396 369 373 400 371 336 252 234 270 281 372 364 273 197 172 151 182 226 239 283 251 312 329 331 368 336 403 368 364 305 240 229 258 315 368 360 273 197 176 153 160 199 269 243 311 279 285 360 344 410 399 356 334 329 273 237 295 281 348 301 299 233 170 
#    in scenario 7 for all time periods :
137 196 206 258 231 258 312 315 308 360 356 369 328 357 315 264 283 273 343 352 312 277 204 186 168 196 216 217 240 299 273 329 345 364 410 386 340 331 278 294 229 267 343 372 357 273 243 182 137 200 202 236 283 292 283 309 323 356 336 386 336 371 322 276 254 264 329 376 327 273 202 198 165 176 216 261 229 267 292 302 360 336 356 394 380 357 295 243 274 283 333 356 319 299 219 178 
#    in scenario 8 for all time periods :
163 184 243 244 271 302 325 322 331 396 369 399 360 308 319 252 254 302 339 328 312 308 236 186 156 178 228 217 249 264 266 319 331 336 348 343 364 308 343 285 286 277 343 324 297 251 231 160 141 166 199 247 286 258 283 298 371 376 348 347 384 353 339 243 231 289 285 384 334 292 199 170 159 198 221 244 266 261 296 326 357 360 344 369 396 308 274 300 254 251 291 388 360 295 209 196 
#    in scenario 9 for all time periods :
171 198 240 252 251 261 266 329 357 368 344 360 348 334 319 282 237 289 285 368 334 258 231 184 146 188 240 261 246 302 266 322 371 376 381 407 324 331 319 255 251 280 295 380 371 289 206 170 156 200 202 244 257 299 319 315 316 328 369 429 356 305 319 240 246 292 285 352 342 277 223 164 171 198 228 252 254 286 289 278 357 392 398 377 372 312 305 282 260 311 281 368 364 261 199 190 
# at node 5
#    in scenario 0 for all time periods :
165 176 197 255 283 283 325 336 342 344 377 429 388 334 336 288 251 261 322 392 301 292 197 176 153 170 238 266 251 267 283 319 334 324 410 394 384 319 305 276 237 273 305 372 331 314 219 186 147 176 206 266 277 311 322 309 301 376 340 403 384 357 339 255 231 283 309 328 349 280 197 192 161 172 204 250 249 283 292 305 305 352 377 356 388 308 322 243 246 305 329 332 334 273 243 192 
#    in scenario 1 for all time periods :
141 170 202 266 240 251 322 302 323 364 356 420 320 301 305 294 283 255 302 388 342 255 194 186 153 198 243 231 246 277 309 295 349 380 352 373 380 357 305 261 229 308 298 344 319 273 199 194 147 184 231 220 286 286 299 285 360 336 377 394 336 345 343 273 234 305 281 388 319 283 240 160 154 168 226 266 234 308 266 295 297 340 336 403 400 301 343 249 277 273 291 340 353 283 206 200 
#    in scenario 2 for all time periods :
166 178 221 220 260 308 289 322 353 340 336 411 360 319 343 270 246 258 281 356 297 261 236 174 153 168 226 236 280 295 269 315 368 392 377 407 360 364 302 240 266 261 302 332 308 261 199 174 144 166 202 242 254 264 319 291 297 368 389 399 368 323 298 276 263 289 343 372 357 299 221 192 154 180 216 236 240 267 283 319 312 340 414 424 324 327 333 267 280 251 315 344 371 255 199 176 
#    in scenario 3 for all time periods :
147 200 197 217 243 251 306 291 331 400 340 420 380 360 288 249 231 277 281 332 349 280 199 164 163 166 211 242 249 305 296 305 334 368 377 407 328 334 291 282 231 273 333 380 353 299 238 160 147 162 214 271 277 295 319 322 334 356 385 386 344 297 339 258 246 289 309 360 338 267 197 198 141 188 197 239 283 264 329 305 334 328 344 390 348 334 305 240 251 283 278 376 316 267 228 180 
#    in scenario 4 for all time periods :
158 184 226 244 283 270 306 319 360 384 381 364 400 327 302 285 266 267 274 356 345 302 236 200 163 192 206 266 234 286 273 309 301 320 356 373 368 357 295 288 229 286 298 400 368 311 216 196 139 184 228 244 240 299 309 339 308 388 348 364 380 357 288 279 246 277 274 384 308 314 194 166 144 198 199 271 263 308 319 291 305 336 414 411 320 345 343 300 266 264 339 344 319 261 236 180 
#    in scenario 5 for all time periods :
154 194 233 242 283 258 263 329 305 364 414 429 400 334 298 264 266 289 336 384 297 267 226 174 166 176 238 266 263 273 273 336 297 400 360 347 324 353 333 294 266 277 274 328 316 264 243 180 158 172 209 266 234 267 322 285 357 344 336 373 360 308 315 261 246 286 339 380 368 258 202 164 171 188 206 258 251 311 306 343 357 324 369 347 340 308 309 246 254 277 329 336 301 258 231 190 
#    in scenario 6 for all time periods :
165 200 199 269 237 311 286 336 331 336 360 351 320 371 343 273 274 314 281 348 338 286 211 174 149 176 199 236 274 270 283 288 334 344 336 407 388 334 315 291 234 280 329 352 308 305 238 170 165 198 211 225 271 292 296 336 316 400 344 411 392 345 322 297 280 251 305 392 349 280 219 180 163 178 231 247 286 295 299 333 360 344 356 364 332 327 298 288 257 264 305 356 345 311 219 178 
#    in scenario 7 for all time periods :
163 196 202 223 254 286 292 315 319 348 385 394 352 319 333 270 257 267 278 344 349 258 243 168 142 196 204 228 251 292 266 298 305 360 398 399 400 353 295 300 266 255 309 380 297 264 197 190 147 182 194 250 243 308 329 291 368 372 377 416 396 360 319 297 266 308 285 396 371 261 223 198 144 190 211 247 254 302 276 298 327 332 369 373 360 338 298 261 271 302 305 400 301 255 226 162 
#    in scenario 8 for all time periods :
151 180 233 266 240 280 315 281 301 372 356 390 392 316 329 264 237 273 285 340 319 302 199 182 156 174 238 263 271 286 289 278 345 360 389 407 340 319 312 300 254 270 333 376 297 302 219 194 163 180 206 250 263 308 302 281 297 348 344 403 372 319 315 246 243 283 319 380 331 273 219 192 137 200 219 247 229 280 266 329 364 380 348 399 340 368 298 279 274 286 295 400 338 286 209 176 
#    in scenario 9 for all time periods :
149 198 228 269 269 283 309 291 364 336 394 351 384 353 339 279 283 270 309 348 371 302 240 176 165 168 219 231 243 264 309 333 301 368 377 394 332 338 305 249 266 305 295 340 345 295 223 162 168 188 233 252 280 311 329 333 353 372 373 347 376 331 329 279 240 264 319 324 301 261 223 166 146 166 238 225 274 267 279 339 327 400 340 399 380 301 336 243 229 264 274 328 349 302 221 196 
# at node 6
#    in scenario 0 for all time periods :
137 188 221 266 231 305 296 291 334 396 389 377 324 371 288 249 234 299 281 356 357 277 219 184 149 172 231 247 243 302 292 278 331 384 356 420 356 308 319 258 263 289 319 368 342 280 238 180 171 190 221 266 280 258 283 343 331 380 344 424 380 316 326 258 280 270 315 356 323 305 226 186 166 184 204 266 260 258 306 305 327 376 410 386 396 316 274 300 249 314 329 324 331 251 202 194 
#    in scenario 1 for all time periods :
141 162 206 247 243 280 322 315 353 380 406 381 360 360 278 276 266 292 312 324 371 299 194 188 159 180 204 261 271 267 283 274 338 392 406 424 396 308 281 273 283 270 281 356 371 280 206 194 144 162 202 233 234 289 263 319 338 392 356 377 396 345 319 246 263 305 291 348 305 314 197 186 171 176 231 247 263 289 286 319 349 332 365 394 364 349 298 273 257 255 343 392 364 277 243 186 
#    in scenario 2 for all time periods :
139 188 204 223 254 292 283 291 368 348 352 407 384 368 333 282 280 261 339 340 345 270 223 160 163 184 219 225 243 311 312 281 342 340 410 360 328 308 319 297 249 302 295 400 316 286 209 200 141 178 240 242 246 258 312 274 360 384 410 343 364 357 343 300 269 283 298 400 316 255 240 168 153 186 197 233 274 308 286 329 353 360 402 347 340 305 288 270 234 314 326 332 308 264 209 182 
#    in scenario 3 for all time periods :
171 196 243 263 274 280 266 295 331 372 352 381 328 331 326 288 231 305 336 324 331 302 199 176 166 176 214 239 274 302 302 278 338 380 344 343 380 308 298 243 271 299 281 356 301 299 238 182 151 198 219 242 286 299 306 285 323 324 356 360 320 308 274 282 269 299 295 364 338 280 223 200 149 194 211 225 266 270 315 329 312 356 344 347 368 331 315 276 240 302 319 392 338 292 199 186 
#    in scenario 4 for all time periods :
163 194 197 247 283 283 276 291 327 400 398 351 368 297 329 282 269 299 312 376 334 311 226 176 146 164 199 269 260 314 273 326 297 360 356 394 360 331 305 285 286 286 278 384 360 258 228 198 137 188 223 261 263 286 276 281 301 368 402 377 348 301 288 258 274 286 343 392 334 283 231 160 158 170 206 247 263 270 312 281 364 348 344 424 396 319 295 240 271 251 339 400 345 273 226 196 
#    in scenario 5 for all time periods :
151 170 238 244 271 264 296 281 312 368 389 416 336 301 278 276 249 299 319 376 316 273 240 176 161 182 221 236 237 302 299 281 308 360 377 416 368 312 343 252 243 280 343 352 297 286 211 168 165 200 219 223 269 283 276 336 331 368 406 411 320 371 274 261 277 292 274 376 331 267 228 192 153 174 206 231 257 302 279 274 297 356 406 416 360 368 312 267 263 314 319 400 338 283 240 164 
#    in scenario 6 for all time periods :
171 178 216 242 269 311 292 315 305 320 394 403 336 338 278 270 246 261 322 380 312 286 209 194 171 182 238 236 277 292 299 298 308 332 414 364 400 334 291 261 246 264 295 348 357 277 209 188 163 180 223 242 237 261 273 298 353 400 360 407 368 342 322 252 280 273 315 328 308 258 240 168 168 178 226 220 283 264 309 326 368 364 369 377 400 353 302 279 229 305 295 380 353 286 211 180 
#    in scenario 7 for all time periods :
153 192 209 263 240 280 299 291 331 356 344 347 320 371 298 276 229 258 285 324 334 277 226 172 139 192 231 269 243 302 309 302 316 372 410 386 348 301 315 276 266 302 305 320 305 280 231 188 147 174 231 220 229 251 322 291 323 324 414 373 328 368 333 243 251 311 274 400 353 283 221 172 159 178 214 242 249 273 263 315 301 376 414 351 400 368 319 288 266 267 336 344 334 277 216 164 
#    in scenario 8 for all time periods :
158 190 197 263 234 289 319 291 319 352 402 420 380 349 343 252 246 311 288 392 353 292 194 164 144 176 197 220 254 267 263 312 368 328 348 420 392 353 274 243 260 283 281 352 334 314 219 198 159 196 209 220 286 267 263 319 342 388 406 390 380 349 312 261 286 264 329 320 349 251 236 176 139 190 238 239 243 280 306 281 368 368 406 369 388 345 298 249 283 255 295 396 331 280 216 182 
#    in scenario 9 for all time periods :
149 196 194 261 269 258 263 343 368 388 348 369 396 312 322 288 251 267 339 376 334 308 243 182 158 188 216 223 280 299 266 295 308 352 365 373 340 297 322 255 266 255 305 324 327 283 197 176 141 188 236 271 240 302 306 305 319 324 336 386 324 342 288 297 234 305 305 392 323 251 219 172 159 196 197 252 257 299 283 298 331 388 377 429 384 368 291 279 234 255 322 364 345 280 216 184 
#Maximum capacity P+gs :
# generator 0 for all scenarios
396 441 532 410 437 396 514 391 432 437 
# generator 1 for all scenarios
505 437 473 373 532 437 446 423 532 528 
# generator 2 for all scenarios
118 122 144 150 127 131 131 146 139 138 
# generator 3 for all scenarios
105 120 122 148 142 143 116 113 126 143 
# generator 4 for all scenarios
160 138 164 143 131 157 183 178 183 134 
# generator 5 for all scenarios
70 70 94 86 66 94 85 90 65 91 
# generator 6 for all scenarios
97 99 102 95 83 82 80 75 88 98 
# generator 7 for all scenarios
51 62 58 49 50 50 61 44 63 62 
# generator 8 for all scenarios
46 66 52 51 61 51 45 58 56 62 
# generator 9 for all scenarios
61 63 56 46 58 51 45 47 62 57 
# generator 10 for all scenarios
405 414 382 473 510 369 364 382 400 396 
# generator 11 for all scenarios
419 519 450 364 491 496 414 473 432 382 
# generator 12 for all scenarios
135 133 151 125 150 122 140 127 105 146 
# generator 13 for all scenarios
131 105 114 109 144 104 108 121 148 151 
# generator 14 for all scenarios
130 147 130 134 160 190 149 165 131 141 
# generator 15 for all scenarios
94 71 70 66 91 84 95 90 78 85 
# generator 16 for all scenarios
72 92 95 96 95 92 72 87 98 80 
# generator 17 for all scenarios
65 47 58 47 51 56 56 47 64 45 
# generator 18 for all scenarios
64 51 45 57 46 51 51 48 52 58 
# generator 19 for all scenarios
55 51 48 55 47 62 55 45 52 64 
#Minimum capacity P-gs:
# generator 0 for all scenarios
160 174 176 135 169 147 144 153 128 178 
# generator 1 for all scenarios
156 178 138 136 126 169 165 169 130 140 
# generator 2 for all scenarios
17 20 20 23 23 17 23 18 19 17 
# generator 3 for all scenarios
19 17 21 21 16 17 23 23 18 17 
# generator 4 for all scenarios
26 25 28 28 22 24 22 30 26 20 
# generator 5 for all scenarios
17 23 17 18 17 18 19 22 18 17 
# generator 6 for all scenarios
25 24 21 26 26 30 27 28 23 30 
# generator 7 for all scenarios
12 9 9 12 10 12 11 11 10 10 
# generator 8 for all scenarios
8 10 10 11 10 11 10 10 11 11 
# generator 9 for all scenarios
8 8 10 12 8 9 9 10 9 8 
# generator 10 for all scenarios
164 159 158 176 165 150 164 180 174 134 
# generator 11 for all scenarios
158 144 168 152 132 152 138 172 177 177 
# generator 12 for all scenarios
19 22 17 17 17 19 16 21 22 22 
# generator 13 for all scenarios
22 23 20 23 17 19 18 17 24 23 
# generator 14 for all scenarios
23 24 20 21 27 24 28 30 30 30 
# generator 15 for all scenarios
16 21 24 19 23 17 17 17 18 22 
# generator 16 for all scenarios
30 20 22 28 26 26 30 24 21 23 
# generator 17 for all scenarios
12 12 10 10 9 8 9 10 9 11 
# generator 18 for all scenarios
9 9 9 10 9 12 11 11 12 12 
# generator 19 for all scenarios
12 8 12 10 8 10 10 8 11 11 
#Maximum ramping for all generators R+g :
250 250 80 80 25 20 25 10 10 10 250 250 80 80 25 20 25 10 10 10 
#Minimum ramping for all generators R-g :
150 150 20 20 25 20 25 10 10 10 150 150 20 20 25 20 25 10 10 10 
#Minimum up time for all generators UTg :
8 8 5 5 6 3 3 1 1 1 8 8 5 5 6 3 3 1 1 1 
#Minimum down time for all generators DTg :
8 8 5 5 6 3 3 1 1 1 8 8 5 5 6 3 3 1 1 1 
#Number of period : N=T
#Total reserve for all time periods Tt : 
60.0 70.0 85.0 95.0 100.0 110.0 115.0 120.0 130.0 140.0 145.0 150.0 140.0 130.0 120.0 105.0 100.0 110.0 120.0 140.0 130.0 110.0 85.0 70.0 60.0 70.0 85.0 95.0 100.0 110.0 115.0 120.0 130.0 140.0 145.0 150.0 140.0 130.0 120.0 105.0 100.0 110.0 120.0 140.0 130.0 110.0 85.0 70.0 60.0 70.0 85.0 95.0 100.0 110.0 115.0 120.0 130.0 140.0 145.0 150.0 140.0 130.0 120.0 105.0 100.0 110.0 120.0 140.0 130.0 110.0 85.0 70.0 60.0 70.0 85.0 95.0 100.0 110.0 115.0 120.0 130.0 140.0 145.0 150.0 140.0 130.0 120.0 105.0 100.0 110.0 120.0 140.0 130.0 110.0 85.0 70.0 
#Fast reserve for all time periods Ft : 
9.0 10.5 12.75 14.25 15.0 16.5 17.25 18.0 19.5 21.0 21.75 22.5 21.0 19.5 18.0 15.75 15.0 16.5 18.0 21.0 19.5 16.5 12.75 10.5 9.0 10.5 12.75 14.25 15.0 16.5 17.25 18.0 19.5 21.0 21.75 22.5 21.0 19.5 18.0 15.75 15.0 16.5 18.0 21.0 19.5 16.5 12.75 10.5 9.0 10.5 12.75 14.25 15.0 16.5 17.25 18.0 19.5 21.0 21.75 22.5 21.0 19.5 18.0 15.75 15.0 16.5 18.0 21.0 19.5 16.5 12.75 10.5 9.0 10.5 12.75 14.25 15.0 16.5 17.25 18.0 19.5 21.0 21.75 22.5 21.0 19.5 18.0 15.75 15.0 16.5 18.0 21.0 19.5 16.5 12.75 10.5 
#Susceptance Bls : 
#Line 0 in all scenarios
0.76 0.71 0.82 0.68 0.78 0.72 0.89 0.76 0.68 0.78 
#Line 1 in all scenarios
0.73 0.72 0.85 0.82 0.76 0.85 0.88 0.61 0.69 0.66 
#Line 2 in all scenarios
0.71 0.78 0.6 0.78 0.87 0.74 0.73 0.9 0.69 0.66 
#Line 3 in all scenarios
0.81 0.79 0.77 0.86 0.72 0.69 0.81 0.81 0.75 0.73 
#Line 4 in all scenarios
0.66 0.79 0.75 0.83 0.8 0.69 0.77 0.61 0.67 0.77 
#Line 5 in all scenarios
0.64 0.67 0.65 0.74 0.73 0.73 0.84 0.82 0.89 0.8 
#Line 6 in all scenarios
0.74 0.88 0.63 0.9 0.68 0.88 0.84 0.75 0.81 0.71 
#Line 7 in all scenarios
0.6 0.75 0.82 0.72 0.65 0.66 0.72 0.8 0.64 0.84 
#Line 8 in all scenarios
0.72 0.65 0.83 0.88 0.82 0.76 0.87 0.7 0.87 0.69 
#Line 9 in all scenarios
0.64 0.87 0.87 0.8 0.76 0.66 0.89 0.63 0.84 0.6 
#Line 10 in all scenarios
0.84 0.65 0.89 0.72 0.86 0.81 0.78 0.74 0.8 0.79 
#Line 11 in all scenarios
0.75 0.79 0.81 0.73 0.83 0.62 0.74 0.76 0.89 0.86 
#Line 12 in all scenarios
0.64 0.69 0.67 0.8 0.72 0.61 0.6 0.65 0.64 0.89 
#Line 13 in all scenarios
0.68 0.74 0.64 0.73 0.64 0.7 0.71 0.77 0.84 0.6 
#Line 14 in all scenarios
0.7 0.81 0.86 0.81 0.77 0.81 0.77 0.89 0.65 0.6 
#Line 15 in all scenarios
0.7 0.61 0.88 0.77 0.74 0.86 0.79 0.89 0.7 0.61 
#Line 16 in all scenarios
0.6 0.8 0.63 0.86 0.68 0.86 0.9 0.9 0.75 0.83 
#Line 17 in all scenarios
0.9 0.9 0.73 0.64 0.63 0.62 0.8 0.79 0.79 0.72 
#Line 18 in all scenarios
0.6 0.6 0.61 0.84 0.85 0.78 0.6 0.76 0.76 0.8 
#Line 19 in all scenarios
0.79 0.72 0.77 0.83 0.9 0.87 0.63 0.67 0.71 0.74 
#Line 20 in all scenarios
0.87 0.75 0.89 0.85 0.6 0.79 0.86 0.64 0.72 0.7 
#Maximum capacity of all lines TCl : 
667 667 667 667 667 667 667 667 667 667 667 667 667 667 667 667 667 667 667 667 667 
#Fast reserve limit of all generators FRg : 
250 250 80 80 25 20 25 10 10 10 250 250 80 80 25 20 25 10 10 10 
#No import groups ICj 
#No polarity gamma-jl 
