#Number of generators G :
20
#Gs :
1 2 5 7 9 10 11 13 15 17 20 
#Gf :
3 4 6 8 12 14 16 18 19 
#S :
10
#T :
72
#L :
18
#N :
6
#Gn (one line contains indices of generators at a node) :
#node 0
1 
#node 1
2 3 4 5 6 
#node 2
7 8 9 
#node 3
10 11 12 
#node 4
13 14 15 16 
#node 5
17 18 19 20 
#LIn (one line contains incoming lines at a node) :
#node 0
6-1 5-1 4-1 
#node 1
1-2 6-2 5-2 
#node 2
2-3 1-3 6-3 
#node 3
3-4 2-4 1-4 
#node 4
4-5 3-5 2-5 
#node 5
5-6 4-6 3-6 
#LOn (one line contains outgoing lines at a node) :
#node 0
1-2 1-3 1-4 
#node 1
2-3 2-4 2-5 
#node 2
3-4 3-5 3-6 
#node 3
4-5 4-6 4-1 
#node 4
5-6 5-1 5-2 
#node 5
6-1 6-2 6-3 
#No import group IG
#No lines in import groups IGj 
#Probability of each scenario ps : 
0.1 0.1 0.1 0.1 0.1 0.1 0.1 0.1 0.1 0.1 
#minimum load cost of generators Kg :
1000 970 700 680 450 370 480 660 665 670 1000 970 700 680 450 370 480 660 665 670 
#start-up of generators Sg :
4500 5000 550 560 900 170 260 30 30 30 4500 5000 550 560 900 170 260 30 30 30 
#marginal cost of generators Cg :
16.19 17.26 16.6 16.5 19.7 22.26 27.74 25.92 27.27 27.79 16.19 17.26 16.6 16.5 19.7 22.26 27.74 25.92 27.27 27.79 
#demand Dnst :
# at node 0
#    in scenario 0 for all time periods :
164 212 230 253 287 356 326 336 386 411 435 440 453 407 360 284 300 326 360 411 373 352 280 191 178 231 280 253 313 352 337 400 381 406 396 445 415 386 324 290 330 301 388 406 420 356 249 196 184 231 275 253 310 352 337 320 377 448 396 475 387 373 388 287 327 341 388 420 416 301 269 233 
#    in scenario 1 for all time periods :
182 222 266 298 317 356 356 324 407 411 406 480 420 407 336 350 273 293 376 434 394 312 235 196 186 233 275 253 270 352 380 380 364 439 387 480 467 390 328 346 297 308 392 425 433 315 252 187 184 189 266 304 300 293 376 336 360 397 396 455 420 403 328 312 313 308 400 443 416 337 238 215 
#    in scenario 2 for all time periods :
200 201 241 310 307 363 326 368 433 453 445 445 457 351 360 301 313 356 352 387 368 348 249 222 200 187 258 304 290 356 353 356 394 462 430 400 392 390 384 350 317 348 360 401 403 315 238 191 168 217 227 288 293 315 376 376 429 443 483 425 383 403 368 315 310 367 344 411 368 345 264 187 
#    in scenario 3 for all time periods :
188 210 244 310 333 293 307 340 394 406 425 455 434 399 368 318 320 345 340 425 351 367 241 231 182 231 232 282 307 301 310 336 381 401 469 475 420 416 348 329 273 319 380 425 368 297 283 231 188 191 272 282 293 334 345 352 373 378 440 455 420 399 376 301 323 319 360 467 368 341 264 210 
#    in scenario 4 for all time periods :
168 205 227 307 297 363 322 388 377 401 483 450 453 347 376 301 327 352 340 439 407 326 244 189 164 217 283 263 293 315 330 348 373 448 425 450 411 403 372 346 317 348 396 420 416 359 244 198 198 224 230 310 310 315 307 336 351 397 474 435 425 420 400 308 273 330 376 443 386 301 280 219 
#    in scenario 5 for all time periods :
184 210 246 272 290 352 334 344 368 443 459 450 439 355 396 280 277 315 384 453 416 363 266 201 196 201 232 301 330 363 345 356 399 415 387 500 457 347 320 329 323 345 372 406 425 301 275 226 184 233 283 257 283 363 376 376 433 401 392 450 373 360 344 284 277 359 392 406 351 334 258 205 
#    in scenario 6 for all time periods :
188 224 258 276 307 293 314 368 368 378 396 425 411 351 368 346 267 308 356 397 394 356 266 219 200 219 272 298 313 367 368 344 373 415 416 470 378 347 320 280 303 337 332 383 403 337 280 198 162 229 249 253 283 297 345 372 355 378 483 445 420 351 396 322 330 301 368 448 377 293 266 229 
#    in scenario 7 for all time periods :
186 198 246 288 313 341 364 348 433 434 425 455 434 373 392 350 283 330 320 383 407 330 238 222 160 196 244 301 323 319 360 372 412 397 406 475 457 425 384 315 280 330 320 397 407 319 258 217 172 212 241 253 273 352 334 324 368 462 430 410 383 407 392 284 287 367 396 397 373 352 269 205 
#    in scenario 8 for all time periods :
172 229 230 276 307 312 360 400 425 383 387 450 448 364 388 308 283 341 368 415 429 359 264 201 178 205 246 307 277 301 341 320 412 406 478 480 439 403 332 318 317 308 344 401 412 348 269 226 170 196 249 266 323 301 310 352 433 434 420 455 406 351 368 318 277 319 336 406 416 352 227 215 
#    in scenario 9 for all time periods :
192 215 244 257 283 323 307 356 416 462 450 425 434 412 332 322 303 330 400 425 355 297 241 205 176 187 230 310 277 312 337 384 386 378 411 425 373 373 336 290 280 367 356 401 399 345 244 231 178 224 246 266 273 301 364 400 351 439 430 425 383 377 380 284 323 323 368 448 368 326 269 187 
# at node 1
#    in scenario 0 for all time periods :
180 196 275 298 293 356 326 336 386 397 387 445 406 347 348 332 333 359 388 443 407 304 264 226 188 219 230 298 273 315 376 336 381 406 445 450 383 420 400 280 293 337 340 453 433 293 249 215 198 196 261 263 327 301 376 380 351 434 420 420 392 386 356 329 287 293 360 429 403 341 258 210 
#    in scenario 1 for all time periods :
186 208 283 307 290 334 364 360 386 467 396 450 373 355 360 290 330 337 380 443 429 319 249 233 192 203 238 260 307 334 383 376 429 429 430 485 434 355 336 318 330 330 388 392 355 363 246 208 194 196 272 317 287 312 364 400 425 453 425 470 443 364 332 290 287 312 320 387 394 297 272 198 
#    in scenario 2 for all time periods :
190 194 249 317 313 319 318 376 416 383 450 465 439 425 360 298 280 367 388 383 429 341 241 187 178 203 227 301 303 359 345 336 377 392 401 470 401 373 332 315 317 359 384 467 386 326 258 198 168 222 275 269 283 293 349 324 351 448 420 460 420 412 328 287 287 297 336 425 390 341 283 198 
#    in scenario 3 for all time periods :
168 187 235 269 307 304 314 340 425 383 396 495 378 377 324 326 280 363 356 467 355 345 235 224 162 205 278 295 303 315 372 388 377 425 401 405 397 386 332 343 273 312 348 378 403 326 258 229 164 191 232 295 303 304 307 344 433 387 411 420 448 347 392 340 327 348 364 425 425 330 232 222 
#    in scenario 4 for all time periods :
188 217 283 266 310 319 353 396 377 467 459 460 406 433 384 298 310 319 344 434 381 334 264 189 166 210 235 301 313 334 314 356 368 383 430 465 467 360 328 294 287 352 380 457 364 326 246 219 170 191 261 266 267 367 345 348 425 383 396 455 411 355 372 301 273 359 368 387 373 319 269 219 
#    in scenario 5 for all time periods :
200 189 264 257 317 330 318 388 407 425 411 445 387 386 368 346 287 356 320 434 429 323 252 208 198 196 266 317 287 312 376 396 381 434 406 455 401 364 372 308 273 297 380 373 351 337 264 208 186 229 238 282 323 359 322 348 360 415 420 470 383 360 392 322 317 363 396 467 394 356 241 215 
#    in scenario 6 for all time periods :
184 226 280 310 313 363 349 332 425 429 425 400 373 368 348 315 323 304 400 462 412 352 275 210 196 194 283 304 327 297 318 392 355 397 469 420 457 403 332 280 273 352 320 462 360 301 266 201 172 191 278 279 267 293 349 376 390 453 411 485 448 355 384 318 290 312 380 462 429 301 255 198 
#    in scenario 7 for all time periods :
164 203 238 282 297 352 318 344 399 443 430 420 392 347 356 304 277 363 340 378 360 304 246 226 192 205 269 291 300 312 372 388 425 378 401 475 415 364 360 312 277 352 388 406 364 301 280 229 182 233 249 295 320 367 368 396 399 406 474 470 453 355 396 340 313 319 352 425 355 352 261 219 
#    in scenario 8 for all time periods :
190 203 258 304 267 326 380 320 399 429 469 485 397 386 400 343 320 297 360 392 390 363 246 194 180 205 235 298 313 326 353 376 373 462 416 410 378 386 324 298 273 323 376 429 347 356 230 194 190 229 275 266 300 304 376 360 394 448 425 465 387 347 396 326 300 367 348 383 377 315 283 198 
#    in scenario 9 for all time periods :
176 208 238 304 317 334 337 348 394 429 450 450 411 412 344 329 317 315 364 401 429 315 241 229 190 201 246 253 273 330 307 388 355 448 420 475 453 407 364 336 333 363 392 383 364 301 235 201 168 198 241 288 283 293 353 336 412 411 406 455 439 399 336 287 317 345 400 387 390 293 244 189 
# at node 2
#    in scenario 0 for all time periods :
186 222 272 285 283 341 310 324 360 439 478 425 415 373 336 332 280 297 376 415 377 363 264 189 174 226 269 285 330 345 334 392 368 453 406 485 448 399 400 280 287 356 348 378 420 308 232 208 170 233 283 266 267 352 314 320 368 383 474 500 401 368 328 332 283 312 388 392 407 297 241 189 
#    in scenario 1 for all time periods :
160 205 235 260 317 301 364 364 368 392 387 435 406 429 356 290 297 319 340 457 420 323 230 194 162 224 230 253 283 323 326 356 390 439 474 455 411 433 396 329 283 323 348 397 425 312 272 229 168 212 258 317 270 359 307 388 407 392 425 445 434 394 320 332 317 326 372 373 399 337 264 210 
#    in scenario 2 for all time periods :
182 222 255 279 287 363 364 376 381 439 401 465 378 390 320 312 270 301 324 429 364 356 246 219 192 205 246 260 293 348 360 380 355 457 474 435 387 420 352 326 320 334 368 411 429 356 280 187 190 212 266 317 277 297 334 320 377 373 392 480 397 433 328 336 313 337 332 467 386 293 252 215 
#    in scenario 3 for all time periods :
194 226 283 295 300 367 326 356 390 434 469 400 453 416 324 312 297 297 360 429 347 348 255 187 190 194 269 285 323 312 330 380 407 397 483 490 378 416 352 343 270 301 384 439 351 293 261 233 192 219 249 288 283 348 368 360 386 420 387 455 406 386 364 308 313 315 328 420 394 341 230 196 
#    in scenario 4 for all time periods :
188 233 238 269 310 356 368 360 377 373 478 405 448 429 384 304 323 348 392 387 429 319 266 212 188 187 278 291 310 341 356 380 351 378 483 485 420 360 380 315 283 301 368 429 360 297 249 217 188 210 230 295 310 341 330 320 394 406 478 400 443 433 352 315 300 315 368 383 368 348 246 187 
#    in scenario 5 for all time periods :
200 229 264 263 300 301 360 380 420 439 392 495 467 390 320 350 287 308 336 443 386 319 249 222 186 231 249 253 283 326 372 396 390 453 440 425 387 364 352 280 283 323 400 439 429 315 227 212 186 233 283 295 303 304 326 372 386 392 474 425 434 351 372 312 277 345 380 453 368 326 258 219 
#    in scenario 6 for all time periods :
172 194 238 310 313 293 380 392 360 448 469 495 462 407 344 294 270 345 360 420 355 304 280 215 200 196 255 285 290 326 307 360 394 439 459 475 415 420 324 308 287 301 320 411 420 345 272 222 190 217 255 314 267 352 349 356 420 420 411 440 411 368 392 350 317 345 396 457 373 345 230 222 
#    in scenario 7 for all time periods :
186 196 261 307 313 341 376 372 425 467 450 435 453 377 332 326 287 330 384 425 433 308 252 219 190 224 266 263 297 363 310 356 399 392 478 495 415 351 320 298 327 359 380 443 360 352 249 191 192 212 275 307 310 308 360 336 399 453 435 460 462 429 388 346 320 330 344 457 351 356 261 215 
#    in scenario 8 for all time periods :
192 198 238 282 313 367 345 400 394 406 425 490 434 381 332 308 290 345 364 415 390 359 227 224 168 212 252 272 297 337 322 392 381 373 435 475 453 399 368 343 323 337 356 387 412 330 261 194 188 222 258 253 277 312 372 388 364 453 387 400 411 381 328 343 333 352 384 415 425 345 230 205 
#    in scenario 9 for all time periods :
176 233 266 282 330 334 376 348 403 425 464 400 378 425 376 312 313 348 336 401 364 312 266 198 184 187 235 266 310 326 380 368 425 397 483 470 453 381 352 290 333 323 396 387 355 367 283 229 164 222 261 301 293 304 383 384 394 443 440 485 467 360 368 326 293 319 392 392 399 348 244 201 
# at node 3
#    in scenario 0 for all time periods :
162 194 275 298 333 367 356 328 407 429 420 485 439 429 352 294 297 297 328 406 364 330 283 187 164 208 278 291 330 326 330 324 347 467 392 475 415 360 380 301 297 315 368 406 420 297 252 196 198 203 230 295 313 363 345 364 355 448 459 480 443 403 372 308 293 304 332 448 373 363 275 215 
#    in scenario 1 for all time periods :
190 196 275 288 293 308 372 348 399 453 416 425 383 360 392 340 273 348 380 439 416 334 255 212 172 189 238 257 290 312 349 360 394 462 450 425 434 351 392 326 300 334 372 448 420 308 244 191 192 189 249 314 280 367 356 372 407 467 445 420 383 429 332 318 330 293 360 383 377 304 249 217 
#    in scenario 2 for all time periods :
170 231 258 314 317 337 349 392 368 378 474 450 453 433 364 329 290 363 376 448 433 367 241 226 192 229 272 291 267 356 310 360 429 378 392 455 453 394 376 336 273 330 344 429 433 304 278 205 174 189 266 269 273 293 372 392 351 401 435 500 457 429 368 308 270 348 352 415 429 301 232 189 
#    in scenario 3 for all time periods :
162 208 235 291 303 345 345 344 416 401 406 430 434 420 388 322 310 363 388 429 425 363 235 205 162 201 249 266 277 301 345 360 425 453 392 425 373 364 372 294 330 308 352 425 360 323 264 224 186 191 283 253 267 352 326 324 373 425 474 400 387 425 324 290 310 341 320 453 403 345 238 198 
#    in scenario 4 for all time periods :
194 198 275 282 297 319 337 348 351 457 459 410 439 412 400 329 327 293 368 387 407 352 252 203 176 212 238 295 267 301 337 368 355 378 474 425 392 425 352 294 297 312 328 434 364 367 278 196 162 215 266 266 277 293 376 352 373 392 387 480 401 355 400 332 313 345 356 373 351 334 264 233 
#    in scenario 5 for all time periods :
188 191 241 276 283 352 326 356 420 406 406 480 401 347 368 287 313 297 364 415 425 312 264 212 164 203 246 291 333 326 349 392 364 383 430 435 429 355 340 322 300 337 380 378 403 367 232 189 160 194 275 288 270 326 380 344 394 411 396 495 420 399 348 350 333 326 332 392 373 319 255 212 
#    in scenario 6 for all time periods :
182 208 278 307 270 304 322 368 364 457 454 445 378 347 396 301 327 330 360 462 433 301 269 226 188 210 238 304 277 323 360 360 355 392 469 495 397 399 340 346 277 359 396 425 390 293 258 231 180 191 252 266 317 326 326 396 377 462 430 480 397 429 392 294 323 348 348 373 412 334 238 208 
#    in scenario 7 for all time periods :
168 212 278 304 300 323 368 388 368 467 440 415 448 368 336 312 327 352 360 467 381 293 230 198 166 194 235 276 323 359 383 372 399 434 401 465 392 390 360 346 293 337 340 378 394 312 252 222 162 217 280 314 303 356 356 368 412 443 459 450 378 403 348 312 277 341 348 453 364 356 255 229 
#    in scenario 8 for all time periods :
176 219 269 301 330 341 337 364 381 467 416 425 401 425 332 280 313 319 396 439 381 352 261 194 192 191 258 279 287 356 307 320 368 401 440 490 420 394 400 312 287 334 400 429 386 293 261 205 200 194 235 279 327 293 341 368 394 401 469 420 429 381 348 346 327 356 372 401 373 356 227 229 
#    in scenario 9 for all time periods :
192 224 266 272 327 341 334 340 390 387 401 465 415 433 352 336 317 297 388 406 433 304 252 196 184 229 269 317 333 352 314 356 433 429 435 465 387 377 368 340 330 345 376 453 433 326 232 222 174 233 275 298 267 330 330 388 399 443 425 485 373 351 340 304 327 301 356 383 373 315 258 208 
# at node 4
#    in scenario 0 for all time periods :
162 224 280 260 290 363 356 380 412 387 387 410 411 347 392 290 297 367 356 462 360 323 264 219 170 222 258 282 303 308 380 396 351 448 430 495 443 355 324 294 280 330 320 401 416 352 235 217 180 231 241 279 277 330 330 352 425 387 430 485 443 399 344 322 333 326 328 462 407 337 252 196 
#    in scenario 1 for all time periods :
184 226 241 291 283 308 376 352 360 462 440 485 378 399 360 304 273 337 324 462 351 337 280 194 188 210 241 272 290 319 356 388 360 383 450 495 429 429 348 304 277 301 324 378 355 334 249 231 200 205 269 285 307 334 330 336 429 392 459 435 462 394 360 336 283 323 332 467 347 334 275 198 
#    in scenario 2 for all time periods :
198 210 264 295 297 359 318 400 351 378 411 435 429 364 320 304 280 315 356 387 425 359 261 208 198 189 275 282 307 326 380 356 394 392 478 415 443 373 340 312 310 297 328 373 412 345 238 189 188 203 266 263 267 337 318 340 399 397 416 500 467 360 328 322 267 304 340 387 364 356 255 187 
#    in scenario 3 for all time periods :
194 196 264 269 313 341 341 388 364 448 440 425 378 425 340 304 287 308 344 406 412 359 272 196 162 222 246 272 300 326 349 380 351 411 459 455 383 373 360 343 290 308 392 420 420 341 264 219 168 194 266 301 280 330 380 388 420 467 416 425 425 403 372 350 290 319 364 439 425 319 249 191 
#    in scenario 4 for all time periods :
188 229 230 263 270 308 380 352 377 429 464 480 378 407 324 298 327 345 380 467 390 326 261 205 168 226 235 301 320 312 322 396 429 387 435 480 383 394 324 315 307 315 320 387 429 363 255 201 174 196 235 282 330 352 314 332 351 383 396 450 429 386 348 340 280 326 324 453 381 326 272 210 
#    in scenario 5 for all time periods :
162 217 255 272 307 308 330 328 364 443 416 485 425 347 352 287 323 348 320 467 360 345 230 219 170 208 241 260 293 301 314 320 403 401 459 475 467 368 332 336 287 304 368 415 394 323 232 187 180 226 249 310 327 293 364 324 403 383 469 480 448 360 332 350 317 356 360 411 412 356 261 226 
#    in scenario 6 for all time periods :
182 224 266 288 297 304 326 332 386 397 478 435 453 429 384 326 320 297 344 406 416 363 261 201 174 219 264 291 273 359 314 344 394 457 454 435 457 407 400 287 317 312 396 467 355 315 264 231 180 198 232 285 270 352 341 364 390 462 411 465 397 373 352 326 280 319 376 453 364 312 232 191 
#    in scenario 7 for all time periods :
182 215 255 298 317 312 372 332 364 411 420 465 434 412 352 301 313 367 380 387 390 337 232 189 172 233 241 266 323 337 341 380 364 453 420 430 453 355 400 322 283 334 396 392 351 363 280 203 164 189 244 298 330 352 380 392 433 378 459 410 425 412 380 290 297 301 336 373 386 293 232 196 
#    in scenario 8 for all time periods :
182 224 232 301 327 337 310 376 373 415 416 435 467 377 356 304 310 356 336 457 403 330 238 226 176 198 278 301 327 352 310 364 360 429 396 490 392 347 348 301 320 345 332 373 390 319 246 233 176 196 266 276 327 293 310 388 407 443 401 420 439 360 400 322 313 312 360 467 377 356 275 229 
#    in scenario 9 for all time periods :
168 233 230 272 287 315 372 364 381 383 450 475 383 399 324 332 297 348 320 378 416 334 266 196 168 231 258 317 267 359 383 372 394 434 435 435 378 433 336 312 280 312 352 429 373 308 241 222 164 208 258 295 327 326 380 356 360 392 435 500 439 399 368 287 273 359 392 425 373 363 258 205 
# at node 5
#    in scenario 0 for all time periods :
168 210 269 298 290 319 341 360 381 420 401 500 420 429 328 315 283 315 324 397 399 348 278 201 178 215 266 276 310 337 314 352 381 462 483 465 434 351 384 294 303 367 392 411 360 345 241 226 186 187 227 304 277 293 353 364 425 406 401 490 425 373 320 301 323 304 376 387 425 319 272 196 
#    in scenario 1 for all time periods :
184 208 269 276 333 341 353 332 416 429 478 420 392 364 368 294 283 297 392 462 433 363 278 198 166 189 238 272 333 356 383 380 403 443 416 480 383 360 328 318 333 297 344 411 347 312 258 217 164 217 266 301 293 312 314 352 403 420 469 470 448 433 364 287 320 330 348 448 399 301 238 196 
#    in scenario 2 for all time periods :
178 194 246 253 300 345 318 376 394 453 401 430 434 373 340 301 290 356 356 415 390 326 280 201 164 194 238 285 330 330 349 324 412 429 469 435 420 433 340 346 310 352 348 392 355 356 278 196 188 231 283 253 293 319 334 372 407 373 440 475 387 351 360 280 313 326 352 420 381 304 269 191 
#    in scenario 3 for all time periods :
190 201 261 282 313 315 314 388 403 378 459 450 462 399 336 308 287 367 356 397 433 337 241 205 160 201 252 253 300 308 360 324 360 457 445 455 387 420 356 308 303 319 380 434 403 326 252 203 190 219 266 279 307 363 368 320 412 415 450 445 425 368 396 294 297 337 332 467 390 359 249 212 
#    in scenario 4 for all time periods :
180 219 280 295 320 312 376 356 394 411 478 470 462 351 324 350 270 345 396 457 399 326 227 217 160 233 244 253 307 352 330 336 360 406 406 415 443 407 348 350 277 319 372 397 429 293 232 224 172 191 275 263 303 367 360 400 403 401 483 435 415 377 336 318 290 334 352 406 360 337 244 194 
#    in scenario 5 for all time periods :
194 210 258 291 320 341 360 364 355 429 425 470 425 399 384 315 313 315 388 443 399 367 283 215 194 215 252 257 280 367 356 364 390 420 425 470 457 381 356 308 320 356 364 462 433 301 280 215 200 208 269 314 273 301 383 384 433 453 474 425 392 373 356 287 287 352 388 378 351 308 255 219 
#    in scenario 6 for all time periods :
174 231 264 298 327 308 364 324 377 378 396 495 420 416 376 284 270 301 352 383 399 308 280 229 192 189 275 301 283 348 330 372 386 397 474 495 401 347 352 350 280 345 376 457 373 334 246 224 200 189 261 291 317 348 383 324 429 462 401 415 401 364 320 287 307 312 372 411 425 356 258 208 
#    in scenario 7 for all time periods :
200 217 235 285 313 297 341 352 368 443 440 420 453 416 368 287 310 345 324 467 412 345 238 198 188 191 244 272 307 304 356 372 407 415 435 465 467 390 380 322 287 304 336 443 412 297 266 229 196 222 264 298 283 315 318 384 364 397 406 495 383 360 392 329 307 352 380 387 377 315 272 203 
#    in scenario 8 for all time periods :
196 208 227 266 290 297 380 384 407 373 401 440 387 429 380 284 287 326 396 392 416 337 255 231 160 217 244 257 310 308 341 376 381 462 483 400 429 377 340 280 333 297 400 457 407 348 272 233 160 196 269 269 280 326 372 376 381 443 425 490 429 420 364 284 310 345 348 415 347 345 278 198 
#    in scenario 9 for all time periods :
182 210 280 301 267 334 372 352 425 392 387 470 420 360 380 312 273 326 400 401 394 319 264 212 198 231 269 260 313 363 356 360 347 378 464 445 401 416 328 284 290 326 392 429 394 301 280 233 168 198 283 282 267 348 310 376 429 411 435 475 439 412 368 332 297 348 380 462 394 363 266 224 
#Maximum capacity P+gs :
# generator 0 for all scenarios
396 514 387 505 400 528 455 541 491 378 
# generator 1 for all scenarios
541 446 519 510 519 501 487 450 428 446 
# generator 2 for all scenarios
127 134 151 133 138 134 152 129 146 114 
# generator 3 for all scenarios
138 152 148 110 146 122 118 112 110 127 
# generator 4 for all scenarios
190 159 194 186 194 151 159 147 147 141 
# generator 5 for all scenarios
94 65 93 75 65 94 92 89 64 91 
# generator 6 for all scenarios
94 83 102 73 84 86 96 101 68 94 
# generator 7 for all scenarios
48 56 63 54 44 44 58 58 52 48 
# generator 8 for all scenarios
63 50 65 57 53 46 57 57 56 59 
# generator 9 for all scenarios
46 52 56 45 48 61 54 61 61 48 
# generator 10 for all scenarios
532 532 364 528 437 541 405 460 469 478 
# generator 11 for all scenarios
369 450 519 441 410 514 469 446 391 469 
# generator 12 for all scenarios
121 147 129 144 146 139 142 155 148 127 
# generator 13 for all scenarios
135 153 124 114 127 108 112 116 104 127 
# generator 14 for all scenarios
181 191 181 147 134 183 183 157 139 152 
# generator 15 for all scenarios
74 86 96 72 93 90 95 94 92 94 
# generator 16 for all scenarios
82 94 101 90 91 73 102 89 97 88 
# generator 17 for all scenarios
48 64 48 44 45 65 66 51 48 52 
# generator 18 for all scenarios
58 52 58 61 64 56 61 53 62 46 
# generator 19 for all scenarios
46 66 52 53 46 51 58 53 56 65 
#Minimum capacity P-gs:
# generator 0 for all scenarios
156 171 153 144 147 132 159 165 150 147 
# generator 1 for all scenarios
135 134 147 159 144 164 141 124 129 160 
# generator 2 for all scenarios
21 23 18 18 18 24 23 19 20 18 
# generator 3 for all scenarios
20 18 17 22 19 23 23 18 18 19 
# generator 4 for all scenarios
22 27 20 25 28 30 25 26 22 30 
# generator 5 for all scenarios
22 23 17 23 20 20 24 17 19 20 
# generator 6 for all scenarios
29 27 21 26 24 28 20 26 28 24 
# generator 7 for all scenarios
9 10 10 11 11 8 10 9 10 9 
# generator 8 for all scenarios
12 11 12 11 11 10 10 11 11 8 
# generator 9 for all scenarios
9 8 9 8 12 10 9 11 9 10 
# generator 10 for all scenarios
169 128 132 135 148 158 162 158 150 172 
# generator 11 for all scenarios
177 146 168 172 120 144 168 134 144 156 
# generator 12 for all scenarios
20 21 21 17 24 20 22 20 22 23 
# generator 13 for all scenarios
19 20 17 20 20 17 18 17 20 23 
# generator 14 for all scenarios
30 22 20 21 26 28 25 25 22 29 
# generator 15 for all scenarios
24 21 24 24 20 21 21 20 21 22 
# generator 16 for all scenarios
25 24 25 23 24 26 27 30 20 26 
# generator 17 for all scenarios
10 10 12 11 9 8 12 11 10 11 
# generator 18 for all scenarios
10 12 10 10 10 11 9 10 12 12 
# generator 19 for all scenarios
10 12 11 9 9 11 12 9 11 12 
#Maximum ramping for all generators R+g :
250 250 80 80 25 20 25 10 10 10 250 250 80 80 25 20 25 10 10 10 
#Minimum ramping for all generators R-g :
150 150 20 20 25 20 25 10 10 10 150 150 20 20 25 20 25 10 10 10 
#Minimum up time for all generators UTg :
8 8 5 5 6 3 3 1 1 1 8 8 5 5 6 3 3 1 1 1 
#Minimum down time for all generators DTg :
8 8 5 5 6 3 3 1 1 1 8 8 5 5 6 3 3 1 1 1 
#Number of period : N=T
#Total reserve for all time periods Tt : 
60.0 70.0 85.0 95.0 100.0 110.0 115.0 120.0 130.0 140.0 145.0 150.0 140.0 130.0 120.0 105.0 100.0 110.0 120.0 140.0 130.0 110.0 85.0 70.0 60.0 70.0 85.0 95.0 100.0 110.0 115.0 120.0 130.0 140.0 145.0 150.0 140.0 130.0 120.0 105.0 100.0 110.0 120.0 140.0 130.0 110.0 85.0 70.0 60.0 70.0 85.0 95.0 100.0 110.0 115.0 120.0 130.0 140.0 145.0 150.0 140.0 130.0 120.0 105.0 100.0 110.0 120.0 140.0 130.0 110.0 85.0 70.0 
#Fast reserve for all time periods Ft : 
13.5 15.75 19.125 21.375 22.5 24.75 25.875 27.0 29.25 31.5 32.625 33.75 31.5 29.25 27.0 23.625 22.5 24.75 27.0 31.5 29.25 24.75 19.125 15.75 13.5 15.75 19.125 21.375 22.5 24.75 25.875 27.0 29.25 31.5 32.625 33.75 31.5 29.25 27.0 23.625 22.5 24.75 27.0 31.5 29.25 24.75 19.125 15.75 13.5 15.75 19.125 21.375 22.5 24.75 25.875 27.0 29.25 31.5 32.625 33.75 31.5 29.25 27.0 23.625 22.5 24.75 27.0 31.5 29.25 24.75 19.125 15.75 
#Susceptance Bls : 
#Line 0 in all scenarios
0.67 0.69 0.6 0.89 0.87 0.79 0.88 0.62 0.77 0.82 
#Line 1 in all scenarios
0.87 0.83 0.73 0.81 0.65 0.71 0.73 0.83 0.81 0.67 
#Line 2 in all scenarios
0.86 0.66 0.82 0.88 0.87 0.64 0.89 0.84 0.75 0.78 
#Line 3 in all scenarios
0.85 0.9 0.89 0.68 0.89 0.87 0.61 0.75 0.6 0.64 
#Line 4 in all scenarios
0.62 0.79 0.6 0.6 0.8 0.87 0.8 0.73 0.9 0.88 
#Line 5 in all scenarios
0.9 0.63 0.66 0.9 0.68 0.74 0.85 0.89 0.62 0.64 
#Line 6 in all scenarios
0.83 0.82 0.87 0.84 0.87 0.67 0.68 0.66 0.73 0.7 
#Line 7 in all scenarios
0.67 0.61 0.82 0.9 0.61 0.6 0.8 0.7 0.77 0.77 
#Line 8 in all scenarios
0.78 0.85 0.78 0.84 0.72 0.77 0.76 0.82 0.62 0.66 
#Line 9 in all scenarios
0.76 0.77 0.62 0.67 0.8 0.69 0.63 0.87 0.75 0.83 
#Line 10 in all scenarios
0.67 0.63 0.66 0.74 0.81 0.62 0.65 0.85 0.69 0.6 
#Line 11 in all scenarios
0.84 0.7 0.69 0.77 0.66 0.65 0.72 0.89 0.86 0.65 
#Line 12 in all scenarios
0.77 0.76 0.88 0.66 0.81 0.73 0.85 0.85 0.86 0.85 
#Line 13 in all scenarios
0.67 0.68 0.69 0.77 0.63 0.78 0.61 0.83 0.7 0.81 
#Line 14 in all scenarios
0.86 0.71 0.65 0.64 0.83 0.83 0.61 0.9 0.72 0.69 
#Line 15 in all scenarios
0.71 0.85 0.68 0.63 0.62 0.62 0.86 0.69 0.74 0.8 
#Line 16 in all scenarios
0.85 0.88 0.64 0.61 0.76 0.72 0.6 0.83 0.9 0.6 
#Line 17 in all scenarios
0.75 0.72 0.61 0.6 0.75 0.7 0.81 0.74 0.6 0.79 
#Maximum capacity of all lines TCl : 
667 667 667 667 667 667 667 667 667 667 667 667 667 667 667 667 667 667 
#Fast reserve limit of all generators FRg : 
250 250 80 80 25 20 25 10 10 10 250 250 80 80 25 20 25 10 10 10 
#No import groups ICj 
#No polarity gamma-jl 
