#Number of generators G :
20
#Gs :
1 2 3 4 5 6 7 8 9 10 11 12 13 14 15 16 17 19 20 
#Gf :
18 
#S :
15
#T :
24
#L :
18
#N :
6
#Gn (one line contains indices of generators at a node) :
#node 0
1 2 
#node 1
3 4 5 6 
#node 2
7 8 9 10 11 
#node 3
12 13 
#node 4
14 15 
#node 5
16 17 18 19 20 
#LIn (one line contains incoming lines at a node) :
#node 0
6-1 5-1 4-1 
#node 1
1-2 6-2 5-2 
#node 2
2-3 1-3 6-3 
#node 3
3-4 2-4 1-4 
#node 4
4-5 3-5 2-5 
#node 5
5-6 4-6 3-6 
#LOn (one line contains outgoing lines at a node) :
#node 0
1-2 1-3 1-4 
#node 1
2-3 2-4 2-5 
#node 2
3-4 3-5 3-6 
#node 3
4-5 4-6 4-1 
#node 4
5-6 5-1 5-2 
#node 5
6-1 6-2 6-3 
#No import group IG
#No lines in import groups IGj 
#Probability of each scenario ps : 
0.07 0.07 0.07 0.07 0.07 0.07 0.07 0.07 0.07 0.07 0.07 0.07 0.07 0.07 0.07 
#minimum load cost of generators Kg :
1000 970 700 680 450 370 480 660 665 670 1000 970 700 680 450 370 480 660 665 670 
#start-up of generators Sg :
4500 5000 550 560 900 170 260 30 30 30 4500 5000 550 560 900 170 260 30 30 30 
#marginal cost of generators Cg :
16.19 17.26 16.6 16.5 19.7 22.26 27.74 25.92 27.27 27.79 16.19 17.26 16.6 16.5 19.7 22.26 27.74 25.92 27.27 27.79 
#demand Dnst :
# at node 0
#    in scenario 0 for all time periods :
170 191 264 295 297 293 337 376 377 448 425 465 453 394 320 346 267 363 360 378 390 301 272 212 
#    in scenario 1 for all time periods :
170 201 266 276 280 301 334 328 386 392 392 470 383 407 356 326 323 334 348 425 381 363 232 226 
#    in scenario 2 for all time periods :
196 189 255 263 283 315 356 400 390 411 469 495 429 420 320 301 303 315 384 429 407 330 230 215 
#    in scenario 3 for all time periods :
162 203 266 301 280 301 330 372 403 457 430 470 411 373 344 308 283 308 356 387 360 308 261 205 
#    in scenario 4 for all time periods :
162 191 246 288 310 312 360 396 355 429 401 465 397 347 348 298 307 337 344 420 347 308 258 201 
#    in scenario 5 for all time periods :
162 217 246 307 330 337 326 348 355 429 454 415 411 425 384 343 300 315 364 401 364 348 275 226 
#    in scenario 6 for all time periods :
192 201 244 272 280 341 356 320 377 392 478 465 383 403 324 329 330 363 360 434 390 341 278 203 
#    in scenario 7 for all time periods :
198 231 241 263 320 301 318 372 433 462 474 405 406 360 376 346 277 312 380 453 416 330 269 194 
#    in scenario 8 for all time periods :
196 210 244 269 287 308 376 328 390 457 464 500 383 364 360 301 333 293 372 420 394 312 266 226 
#    in scenario 9 for all time periods :
164 224 261 298 270 334 322 380 351 448 464 490 387 368 356 298 333 293 344 373 351 312 258 224 
#    in scenario 10 for all time periods :
174 198 255 263 293 304 368 340 390 378 401 480 397 381 340 340 323 301 364 378 364 297 272 187 
#    in scenario 11 for all time periods :
174 198 246 307 307 356 341 368 386 392 445 430 383 407 400 298 320 359 384 392 403 356 275 215 
#    in scenario 12 for all time periods :
198 233 230 257 310 341 349 396 368 448 411 480 457 394 392 332 317 315 372 448 355 363 280 187 
#    in scenario 13 for all time periods :
166 212 283 272 300 363 360 384 412 378 425 445 406 351 368 280 323 352 380 401 399 319 266 224 
#    in scenario 14 for all time periods :
170 198 269 317 307 326 322 364 399 401 411 420 448 425 336 318 327 293 360 434 394 304 232 203 
# at node 1
#    in scenario 0 for all time periods :
180 222 258 269 323 367 341 368 377 434 459 475 453 412 400 304 317 319 348 453 373 348 232 217 
#    in scenario 1 for all time periods :
174 191 252 269 317 312 310 392 403 406 401 450 434 373 320 312 317 326 320 373 368 308 230 191 
#    in scenario 2 for all time periods :
192 201 269 257 280 345 322 396 399 425 416 495 462 412 380 346 300 359 352 415 377 293 278 187 
#    in scenario 3 for all time periods :
188 191 252 260 327 315 368 348 429 457 474 450 453 412 352 318 310 363 368 420 394 323 283 224 
#    in scenario 4 for all time periods :
166 217 235 266 303 363 337 376 368 420 445 465 373 403 400 298 280 319 396 429 416 319 249 196 
#    in scenario 5 for all time periods :
184 222 252 253 313 312 356 352 386 406 454 400 392 390 376 322 297 301 392 415 416 319 249 208 
#    in scenario 6 for all time periods :
184 222 278 269 267 337 364 332 403 462 483 500 387 360 352 308 300 363 384 467 360 356 283 203 
#    in scenario 7 for all time periods :
168 217 235 310 323 304 376 384 364 401 387 420 462 364 324 322 323 308 348 406 394 319 258 219 
#    in scenario 8 for all time periods :
192 215 246 314 327 297 326 344 433 415 406 485 443 351 392 329 280 293 396 411 403 334 238 191 
#    in scenario 9 for all time periods :
164 217 278 266 293 315 314 372 420 387 454 500 457 399 376 308 320 356 352 448 368 297 227 231 
#    in scenario 10 for all time periods :
172 191 269 266 323 304 364 380 390 429 459 500 439 412 392 350 297 334 400 443 381 319 241 208 
#    in scenario 11 for all time periods :
172 217 252 298 327 323 364 336 425 383 474 435 420 373 340 304 280 323 376 425 364 341 230 191 
#    in scenario 12 for all time periods :
182 215 227 272 303 293 330 364 425 443 435 455 457 399 336 304 323 341 332 448 381 341 280 233 
#    in scenario 13 for all time periods :
178 231 278 314 327 348 330 344 403 392 435 485 387 403 352 350 313 312 336 462 373 297 272 215 
#    in scenario 14 for all time periods :
198 219 230 260 290 319 326 344 351 429 450 455 462 412 332 329 273 323 384 378 368 330 280 189 
# at node 2
#    in scenario 0 for all time periods :
170 222 241 269 323 348 310 392 429 383 401 420 434 347 360 304 310 359 364 439 412 352 283 196 
#    in scenario 1 for all time periods :
198 191 264 260 330 356 368 372 386 378 459 455 439 416 320 284 300 359 376 397 360 323 272 217 
#    in scenario 2 for all time periods :
170 224 232 304 327 352 322 356 420 420 469 425 420 377 356 346 333 319 388 467 407 334 252 194 
#    in scenario 3 for all time periods :
186 222 272 314 293 348 314 360 368 397 440 490 462 351 336 290 297 334 372 383 394 359 266 198 
#    in scenario 4 for all time periods :
182 189 230 295 330 345 372 340 416 420 474 485 439 399 380 290 280 304 328 429 386 352 280 229 
#    in scenario 5 for all time periods :
190 219 255 263 277 330 372 392 407 397 420 475 397 355 388 350 267 345 324 448 425 315 269 191 
#    in scenario 6 for all time periods :
170 215 264 295 273 297 360 396 360 397 387 495 406 429 392 346 287 356 400 429 381 337 238 198 
#    in scenario 7 for all time periods :
176 189 232 301 313 293 322 380 416 411 454 465 373 425 348 287 280 326 340 378 407 363 244 217 
#    in scenario 8 for all time periods :
172 194 264 304 330 363 360 368 373 462 401 435 420 355 400 280 277 297 380 387 394 337 280 194 
#    in scenario 9 for all time periods :
174 233 272 288 280 359 322 356 425 434 440 485 383 394 356 294 293 348 364 378 425 330 258 224 
#    in scenario 10 for all time periods :
190 210 283 295 303 334 341 348 390 373 450 495 401 425 392 343 297 359 324 462 407 297 238 198 
#    in scenario 11 for all time periods :
182 231 261 263 283 356 372 340 399 373 411 425 373 386 328 332 317 345 340 425 386 304 230 215 
#    in scenario 12 for all time periods :
176 191 269 307 327 367 334 324 416 443 483 445 429 347 340 301 273 345 380 397 351 297 241 205 
#    in scenario 13 for all time periods :
160 191 249 260 290 323 314 380 360 443 450 400 467 364 348 315 310 304 320 453 347 337 246 198 
#    in scenario 14 for all time periods :
166 231 278 301 333 319 353 340 399 387 474 415 387 364 328 322 267 315 356 434 407 356 278 189 
# at node 3
#    in scenario 0 for all time periods :
192 222 232 301 270 359 330 356 394 411 425 450 378 399 368 343 267 293 352 462 399 293 252 189 
#    in scenario 1 for all time periods :
186 210 258 307 313 293 337 340 429 457 411 495 434 347 356 326 267 293 384 420 390 330 244 229 
#    in scenario 2 for all time periods :
168 194 272 263 310 356 341 320 377 378 445 410 434 364 328 340 333 326 380 467 381 356 238 205 
#    in scenario 3 for all time periods :
164 215 275 279 327 304 318 376 394 373 440 460 401 407 384 294 297 304 332 397 351 308 278 205 
#    in scenario 4 for all time periods :
164 203 227 260 273 345 310 340 433 383 483 475 434 390 332 287 283 301 336 462 377 345 269 226 
#    in scenario 5 for all time periods :
198 231 252 263 267 293 310 380 386 467 416 460 415 386 360 346 317 334 372 457 347 312 238 201 
#    in scenario 6 for all time periods :
190 194 241 298 300 359 314 324 433 457 387 475 467 360 336 287 307 341 384 406 377 334 283 229 
#    in scenario 7 for all time periods :
172 208 272 253 327 359 383 320 394 448 474 440 443 433 356 294 273 297 324 415 429 334 264 191 
#    in scenario 8 for all time periods :
184 198 258 260 297 330 376 364 360 434 406 455 383 364 324 294 333 363 388 457 360 330 278 226 
#    in scenario 9 for all time periods :
178 189 280 266 313 345 341 340 347 378 474 450 448 368 332 340 300 304 384 378 377 326 235 205 
#    in scenario 10 for all time periods :
186 194 264 307 300 308 372 384 407 448 425 490 378 386 388 312 313 363 400 387 394 293 244 233 
#    in scenario 11 for all time periods :
172 191 278 301 327 319 368 320 399 453 406 490 453 416 340 287 290 367 376 406 347 293 235 203 
#    in scenario 12 for all time periods :
188 198 252 301 323 363 353 332 433 415 435 405 383 360 400 332 293 367 336 434 351 337 241 212 
#    in scenario 13 for all time periods :
176 233 238 257 307 297 360 396 355 383 450 405 415 386 396 298 267 312 344 383 364 359 246 208 
#    in scenario 14 for all time periods :
160 191 241 282 310 348 364 364 360 411 464 410 434 373 360 346 273 345 332 383 429 301 241 215 
# at node 4
#    in scenario 0 for all time periods :
174 196 269 307 273 345 318 348 386 378 401 430 453 351 324 298 287 308 376 383 412 341 278 208 
#    in scenario 1 for all time periods :
162 203 261 263 290 326 349 320 420 462 483 485 434 360 336 346 297 330 352 411 360 304 241 198 
#    in scenario 2 for all time periods :
162 203 227 317 290 315 376 364 355 383 392 490 406 420 328 280 273 352 340 443 425 359 272 194 
#    in scenario 3 for all time periods :
182 201 235 288 303 312 380 340 399 439 387 400 448 386 356 336 303 315 372 401 381 345 269 231 
#    in scenario 4 for all time periods :
166 215 261 291 293 319 322 356 416 462 425 480 457 373 384 312 300 301 332 406 364 323 238 219 
#    in scenario 5 for all time periods :
166 224 283 307 333 367 337 396 368 467 469 435 462 351 336 287 300 348 348 425 403 334 227 201 
#    in scenario 6 for all time periods :
178 194 278 301 310 301 360 368 364 387 478 490 373 390 356 304 273 319 364 457 420 352 264 212 
#    in scenario 7 for all time periods :
192 231 255 263 297 334 341 380 433 415 435 490 462 390 352 318 327 356 352 462 368 308 261 201 
#    in scenario 8 for all time periods :
174 201 269 276 300 323 368 368 364 429 445 490 457 377 388 312 320 363 344 457 425 341 241 187 
#    in scenario 9 for all time periods :
162 210 246 269 270 363 380 384 403 420 435 435 378 394 324 332 277 345 384 443 429 341 246 191 
#    in scenario 10 for all time periods :
188 203 241 260 313 304 383 396 394 453 483 410 411 399 324 318 323 345 400 467 390 348 264 205 
#    in scenario 11 for all time periods :
170 205 272 317 293 326 360 380 368 392 401 415 392 377 332 312 287 359 376 434 381 352 230 198 
#    in scenario 12 for all time periods :
162 217 252 263 277 315 314 340 351 378 464 440 415 360 340 301 327 297 336 420 364 315 283 208 
#    in scenario 13 for all time periods :
200 224 266 257 333 326 310 392 351 429 483 480 425 351 352 336 310 348 324 378 394 304 244 196 
#    in scenario 14 for all time periods :
188 212 230 298 273 319 345 328 407 457 420 415 448 347 344 322 273 323 336 420 390 356 261 212 
# at node 5
#    in scenario 0 for all time periods :
188 233 275 260 283 330 364 364 420 443 474 480 443 386 352 343 280 363 340 453 403 356 264 226 
#    in scenario 1 for all time periods :
166 215 269 266 330 337 380 380 351 453 420 410 457 373 336 298 333 352 376 406 381 330 283 229 
#    in scenario 2 for all time periods :
194 203 261 310 273 348 322 368 407 448 420 410 373 351 360 315 280 367 344 462 403 352 244 231 
#    in scenario 3 for all time periods :
198 217 246 257 307 359 314 400 390 420 478 430 406 360 372 294 300 293 400 439 399 363 264 191 
#    in scenario 4 for all time periods :
174 205 238 269 307 323 337 324 399 425 450 480 453 412 336 326 287 363 320 401 373 337 258 222 
#    in scenario 5 for all time periods :
178 233 278 263 283 359 322 360 399 401 396 435 462 390 376 284 267 323 368 420 351 356 230 191 
#    in scenario 6 for all time periods :
192 210 241 253 320 348 376 384 416 401 483 405 420 377 360 326 307 304 328 406 360 308 244 233 
#    in scenario 7 for all time periods :
200 194 230 314 310 337 310 332 373 383 406 500 453 433 384 280 323 323 392 411 360 319 264 222 
#    in scenario 8 for all time periods :
178 208 269 285 320 330 345 356 429 406 401 445 453 429 340 294 287 308 392 429 386 308 255 219 
#    in scenario 9 for all time periods :
196 210 264 304 290 301 307 344 360 397 483 495 467 394 340 329 310 337 388 401 403 304 241 196 
#    in scenario 10 for all time periods :
198 224 255 310 307 297 307 324 360 378 387 455 429 403 360 350 300 297 364 383 390 315 275 224 
#    in scenario 11 for all time periods :
194 226 227 266 287 330 326 340 403 457 445 480 387 355 376 312 287 326 368 406 399 334 232 231 
#    in scenario 12 for all time periods :
190 205 244 257 293 319 360 332 351 378 411 430 420 420 336 298 313 308 396 420 390 326 283 219 
#    in scenario 13 for all time periods :
188 191 283 310 303 367 368 340 360 411 416 455 387 412 320 287 307 323 340 401 407 359 272 203 
#    in scenario 14 for all time periods :
162 222 235 295 313 352 349 336 347 378 430 480 439 347 372 340 313 330 332 415 355 304 283 191 
#Maximum capacity P+gs :
# generator 0 for all scenarios
519 541 482 410 478 391 373 405 378 446 450 364 428 382 528 
# generator 1 for all scenarios
450 514 382 391 541 487 496 410 464 491 491 482 387 405 501 
# generator 2 for all scenarios
127 116 117 127 138 129 148 113 153 139 152 120 127 129 130 
# generator 3 for all scenarios
153 146 129 147 146 148 140 152 116 146 136 117 147 121 122 
# generator 4 for all scenarios
134 186 191 191 147 162 143 164 144 191 131 157 133 167 157 
# generator 5 for all scenarios
85 96 89 73 84 78 87 80 80 85 84 82 90 78 64 
# generator 6 for all scenarios
94 97 97 102 68 101 74 88 89 75 95 71 69 74 82 
# generator 7 for all scenarios
64 61 59 56 53 53 62 58 59 63 52 62 61 61 57 
# generator 8 for all scenarios
54 50 58 59 45 48 53 47 47 54 50 52 57 51 50 
# generator 9 for all scenarios
46 47 64 60 66 52 59 65 57 46 53 48 64 58 52 
# generator 10 for all scenarios
405 514 382 482 528 487 541 410 501 469 373 478 523 478 541 
# generator 11 for all scenarios
519 364 505 537 478 546 437 387 364 537 510 373 446 473 410 
# generator 12 for all scenarios
113 153 139 129 156 121 140 130 122 130 156 110 142 105 109 
# generator 13 for all scenarios
125 142 124 121 138 148 153 104 124 110 140 112 109 135 147 
# generator 14 for all scenarios
131 138 144 193 170 159 136 170 138 144 183 193 157 138 193 
# generator 15 for all scenarios
70 66 92 78 77 78 66 67 70 75 78 86 71 64 90 
# generator 16 for all scenarios
85 72 81 71 95 91 69 94 83 89 92 92 92 81 84 
# generator 17 for all scenarios
56 44 59 53 54 47 49 60 51 51 62 51 46 54 57 
# generator 18 for all scenarios
54 61 58 52 48 60 48 46 64 57 53 59 65 46 45 
# generator 19 for all scenarios
66 59 48 66 55 64 50 44 64 52 58 48 53 53 62 
#Minimum capacity P-gs:
# generator 0 for all scenarios
136 126 123 162 122 176 174 168 130 126 162 158 156 177 152 
# generator 1 for all scenarios
132 123 178 169 147 180 159 120 120 146 147 180 178 168 168 
# generator 2 for all scenarios
17 16 19 17 20 16 18 21 16 18 21 20 17 21 21 
# generator 3 for all scenarios
17 24 18 18 22 17 23 22 17 23 19 23 21 22 20 
# generator 4 for all scenarios
24 29 22 29 28 28 26 20 30 22 27 26 27 21 26 
# generator 5 for all scenarios
22 20 22 19 17 19 20 16 20 23 18 18 23 24 21 
# generator 6 for all scenarios
30 29 22 21 27 24 27 26 22 28 27 22 24 25 22 
# generator 7 for all scenarios
9 10 8 10 12 11 9 11 10 10 11 8 10 10 11 
# generator 8 for all scenarios
12 10 10 10 9 11 11 9 8 10 8 11 12 11 10 
# generator 9 for all scenarios
8 10 8 10 12 12 12 11 12 11 9 9 9 8 9 
# generator 10 for all scenarios
134 130 126 120 176 165 135 180 167 123 144 130 153 178 176 
# generator 11 for all scenarios
172 128 180 141 162 147 177 174 148 154 144 130 154 153 144 
# generator 12 for all scenarios
18 16 18 23 22 23 21 18 22 23 22 17 24 21 22 
# generator 13 for all scenarios
18 22 20 20 21 16 24 20 19 18 20 17 20 20 18 
# generator 14 for all scenarios
30 28 27 22 29 30 29 26 22 29 30 29 22 28 21 
# generator 15 for all scenarios
19 16 21 21 21 17 19 18 24 19 21 22 17 23 19 
# generator 16 for all scenarios
24 21 22 21 27 22 29 20 20 29 24 23 22 24 20 
# generator 17 for all scenarios
11 11 10 10 8 11 9 10 10 10 9 11 12 12 10 
# generator 18 for all scenarios
9 8 10 10 9 12 12 10 10 11 12 9 9 8 12 
# generator 19 for all scenarios
11 9 10 8 12 9 12 12 8 8 8 9 9 10 10 
#Maximum ramping for all generators R+g :
250 250 80 80 25 20 25 10 10 10 250 250 80 80 25 20 25 10 10 10 
#Minimum ramping for all generators R-g :
150 150 20 20 25 20 25 10 10 10 150 150 20 20 25 20 25 10 10 10 
#Minimum up time for all generators UTg :
8 8 5 5 6 3 3 1 1 1 8 8 5 5 6 3 3 1 1 1 
#Minimum down time for all generators DTg :
8 8 5 5 6 3 3 1 1 1 8 8 5 5 6 3 3 1 1 1 
#Number of period : N=T
#Total reserve for all time periods Tt : 
60.0 70.0 85.0 95.0 100.0 110.0 115.0 120.0 130.0 140.0 145.0 150.0 140.0 130.0 120.0 105.0 100.0 110.0 120.0 140.0 130.0 110.0 85.0 70.0 
#Fast reserve for all time periods Ft : 
1.5 1.75 2.125 2.375 2.5 2.75 2.875 3.0 3.25 3.5 3.625 3.75 3.5 3.25 3.0 2.625 2.5 2.75 3.0 3.5 3.25 2.75 2.125 1.75 
#Susceptance Bls : 
#Line 0 in all scenarios
0.79 0.87 0.74 0.75 0.79 0.81 0.64 0.79 0.86 0.8 0.62 0.84 0.84 0.77 0.9 
#Line 1 in all scenarios
0.76 0.76 0.7 0.81 0.83 0.72 0.71 0.85 0.87 0.77 0.77 0.89 0.81 0.74 0.67 
#Line 2 in all scenarios
0.85 0.82 0.73 0.74 0.77 0.72 0.61 0.62 0.84 0.81 0.78 0.66 0.83 0.65 0.83 
#Line 3 in all scenarios
0.73 0.81 0.7 0.66 0.77 0.74 0.67 0.83 0.76 0.8 0.64 0.81 0.61 0.66 0.74 
#Line 4 in all scenarios
0.88 0.87 0.86 0.62 0.62 0.9 0.64 0.78 0.66 0.68 0.75 0.82 0.84 0.88 0.71 
#Line 5 in all scenarios
0.69 0.78 0.66 0.71 0.77 0.9 0.64 0.67 0.7 0.86 0.72 0.84 0.81 0.75 0.68 
#Line 6 in all scenarios
0.71 0.69 0.78 0.65 0.8 0.81 0.69 0.81 0.6 0.73 0.87 0.78 0.85 0.78 0.77 
#Line 7 in all scenarios
0.8 0.79 0.9 0.81 0.7 0.61 0.89 0.63 0.68 0.82 0.83 0.7 0.72 0.6 0.9 
#Line 8 in all scenarios
0.74 0.7 0.64 0.63 0.89 0.6 0.71 0.85 0.83 0.6 0.72 0.68 0.71 0.72 0.6 
#Line 9 in all scenarios
0.73 0.82 0.67 0.7 0.78 0.63 0.79 0.65 0.64 0.82 0.68 0.7 0.64 0.67 0.74 
#Line 10 in all scenarios
0.83 0.77 0.82 0.88 0.82 0.9 0.86 0.71 0.87 0.69 0.6 0.76 0.77 0.81 0.62 
#Line 11 in all scenarios
0.64 0.69 0.85 0.76 0.65 0.9 0.89 0.89 0.89 0.69 0.79 0.9 0.89 0.88 0.62 
#Line 12 in all scenarios
0.66 0.87 0.9 0.6 0.63 0.61 0.87 0.66 0.71 0.81 0.73 0.89 0.81 0.78 0.65 
#Line 13 in all scenarios
0.86 0.68 0.61 0.86 0.8 0.65 0.83 0.64 0.82 0.8 0.72 0.71 0.9 0.85 0.8 
#Line 14 in all scenarios
0.82 0.82 0.88 0.74 0.71 0.68 0.62 0.78 0.74 0.81 0.76 0.81 0.63 0.63 0.85 
#Line 15 in all scenarios
0.82 0.77 0.83 0.87 0.63 0.83 0.85 0.72 0.76 0.82 0.83 0.77 0.89 0.71 0.78 
#Line 16 in all scenarios
0.82 0.89 0.79 0.62 0.76 0.8 0.84 0.8 0.63 0.63 0.88 0.65 0.75 0.9 0.75 
#Line 17 in all scenarios
0.69 0.67 0.81 0.86 0.77 0.7 0.8 0.75 0.76 0.67 0.8 0.74 0.8 0.81 0.83 
#Maximum capacity of all lines TCl : 
667 667 667 667 667 667 667 667 667 667 667 667 667 667 667 667 667 667 
#Fast reserve limit of all generators FRg : 
250 250 80 80 25 20 25 10 10 10 250 250 80 80 25 20 25 10 10 10 
#No import groups ICj 
#No polarity gamma-jl 
