#Number of generators G :
20
#Gs :
1 2 3 5 7 8 9 10 11 12 13 15 16 18 19 20 
#Gf :
4 6 14 17 
#S :
25
#T :
24
#L :
18
#N :
6
#Gn (one line contains indices of generators at a node) :
#node 0
1 
#node 1
2 3 
#node 2
4 5 6 7 
#node 3
8 9 10 11 12 
#node 4
13 14 15 16 
#node 5
17 18 19 20 
#LIn (one line contains incoming lines at a node) :
#node 0
6-1 5-1 4-1 
#node 1
1-2 6-2 5-2 
#node 2
2-3 1-3 6-3 
#node 3
3-4 2-4 1-4 
#node 4
4-5 3-5 2-5 
#node 5
5-6 4-6 3-6 
#LOn (one line contains outgoing lines at a node) :
#node 0
1-2 1-3 1-4 
#node 1
2-3 2-4 2-5 
#node 2
3-4 3-5 3-6 
#node 3
4-5 4-6 4-1 
#node 4
5-6 5-1 5-2 
#node 5
6-1 6-2 6-3 
#No import group IG
#No lines in import groups IGj 
#Probability of each scenario ps : 
0.04 0.04 0.04 0.04 0.04 0.04 0.04 0.04 0.04 0.04 0.04 0.04 0.04 0.04 0.04 0.04 0.04 0.04 0.04 0.04 0.04 0.04 0.04 0.04 0.04 
#minimum load cost of generators Kg :
1000 970 700 680 450 370 480 660 665 670 1000 970 700 680 450 370 480 660 665 670 
#start-up of generators Sg :
4500 5000 550 560 900 170 260 30 30 30 4500 5000 550 560 900 170 260 30 30 30 
#marginal cost of generators Cg :
16.19 17.26 16.6 16.5 19.7 22.26 27.74 25.92 27.27 27.79 16.19 17.26 16.6 16.5 19.7 22.26 27.74 25.92 27.27 27.79 
#demand Dnst :
# at node 0
#    in scenario 0 for all time periods :
182 217 269 266 287 297 380 320 355 448 425 495 453 412 392 301 293 312 336 434 425 363 227 224 
#    in scenario 1 for all time periods :
176 233 249 314 310 348 360 376 364 406 420 450 415 373 388 298 287 330 320 467 347 359 275 210 
#    in scenario 2 for all time periods :
168 191 278 288 303 304 322 388 425 378 416 415 467 373 372 290 283 334 328 406 377 312 272 210 
#    in scenario 3 for all time periods :
180 203 278 260 287 326 322 364 390 434 435 480 439 399 380 346 300 330 380 401 425 330 252 222 
#    in scenario 4 for all time periods :
178 217 244 285 303 323 383 388 425 387 478 415 411 347 324 343 283 301 396 401 364 345 272 201 
#    in scenario 5 for all time periods :
170 219 235 295 327 293 322 388 403 439 392 475 397 360 400 322 323 308 396 439 416 352 230 217 
#    in scenario 6 for all time periods :
184 208 227 285 320 312 368 388 403 429 478 500 439 433 356 326 280 308 396 443 377 293 264 203 
#    in scenario 7 for all time periods :
170 226 255 301 293 334 334 324 360 415 430 420 425 347 340 318 283 348 356 439 420 326 252 222 
#    in scenario 8 for all time periods :
180 229 235 253 310 345 314 340 407 434 478 455 411 429 384 287 330 356 392 457 433 293 241 224 
#    in scenario 9 for all time periods :
168 189 272 279 320 337 356 388 386 387 416 475 462 381 392 322 330 293 380 373 347 356 246 191 
#    in scenario 10 for all time periods :
196 189 244 310 280 356 322 396 368 457 401 500 401 429 372 326 290 304 372 383 425 308 238 222 
#    in scenario 11 for all time periods :
176 210 261 253 293 348 326 388 381 420 454 410 443 386 400 304 300 341 372 457 377 356 278 201 
#    in scenario 12 for all time periods :
162 191 261 260 287 330 326 392 394 457 392 490 397 433 360 332 287 345 380 457 355 315 230 212 
#    in scenario 13 for all time periods :
180 196 261 295 273 352 341 380 420 462 478 405 373 351 376 340 330 293 392 457 407 341 278 222 
#    in scenario 14 for all time periods :
190 191 249 282 310 323 376 376 412 392 401 415 453 420 364 312 333 337 372 425 373 293 266 196 
#    in scenario 15 for all time periods :
198 208 241 279 267 319 330 320 368 383 430 415 448 425 352 308 330 356 396 383 399 352 278 198 
#    in scenario 16 for all time periods :
166 191 235 295 297 352 372 360 399 387 392 485 462 386 344 290 287 297 384 457 377 348 266 196 
#    in scenario 17 for all time periods :
166 189 264 253 303 330 353 336 425 387 430 420 462 377 336 336 283 330 336 434 425 315 258 203 
#    in scenario 18 for all time periods :
160 215 232 291 300 356 318 344 407 443 440 405 420 351 324 336 300 363 352 411 351 323 272 210 
#    in scenario 19 for all time periods :
192 233 266 257 310 334 383 320 373 462 430 460 467 347 400 315 323 356 336 406 412 315 232 187 
#    in scenario 20 for all time periods :
192 219 249 317 297 312 372 368 420 462 435 455 411 364 332 284 290 359 396 439 368 323 261 208 
#    in scenario 21 for all time periods :
160 205 246 266 320 337 356 328 368 467 450 490 397 394 328 318 307 334 332 378 403 341 255 196 
#    in scenario 22 for all time periods :
160 226 269 317 270 304 383 340 412 411 435 405 457 412 380 294 297 304 400 434 429 297 235 208 
#    in scenario 23 for all time periods :
194 187 283 288 303 337 314 384 394 392 445 430 415 377 364 301 327 304 356 439 368 315 230 194 
#    in scenario 24 for all time periods :
176 217 255 288 317 293 307 364 412 453 430 495 401 433 340 318 320 301 392 378 347 297 269 219 
# at node 1
#    in scenario 0 for all time periods :
166 212 255 263 303 301 314 336 368 373 425 440 425 373 364 284 323 319 400 378 390 337 230 189 
#    in scenario 1 for all time periods :
176 210 269 304 287 323 364 364 425 429 411 410 425 412 336 336 310 326 328 420 390 334 255 198 
#    in scenario 2 for all time periods :
170 203 266 279 300 334 334 340 412 411 430 495 429 407 336 346 267 352 348 448 381 352 278 187 
#    in scenario 3 for all time periods :
168 191 255 279 293 330 345 392 377 420 483 410 462 351 348 346 277 315 400 415 420 334 230 210 
#    in scenario 4 for all time periods :
176 201 258 272 303 304 341 328 412 411 440 495 462 429 380 322 303 359 320 406 425 326 252 194 
#    in scenario 5 for all time periods :
196 231 235 291 297 367 356 328 360 457 387 465 387 377 376 301 290 352 392 383 355 359 227 208 
#    in scenario 6 for all time periods :
168 217 280 314 280 308 372 348 416 392 392 430 411 416 376 298 333 363 396 383 377 323 235 231 
#    in scenario 7 for all time periods :
180 196 238 301 310 352 322 360 429 439 454 425 397 420 372 329 323 345 380 448 381 352 266 222 
#    in scenario 8 for all time periods :
192 229 241 272 293 363 368 360 360 448 387 475 378 425 352 322 300 341 328 462 377 308 283 229 
#    in scenario 9 for all time periods :
192 233 238 301 293 348 356 352 433 387 459 440 420 416 344 284 307 297 368 378 381 308 246 196 
#    in scenario 10 for all time periods :
194 203 275 317 283 337 334 328 368 397 420 450 448 429 332 340 327 323 344 415 373 348 230 229 
#    in scenario 11 for all time periods :
164 208 264 310 333 319 334 328 420 443 392 485 448 407 392 294 333 352 340 448 390 341 227 196 
#    in scenario 12 for all time periods :
194 231 272 272 287 363 368 388 420 415 474 480 387 407 344 350 280 297 356 406 416 312 227 215 
#    in scenario 13 for all time periods :
172 219 264 295 327 301 372 352 394 439 396 435 467 407 368 346 310 356 388 378 347 367 275 210 
#    in scenario 14 for all time periods :
174 189 258 276 277 326 353 336 373 383 392 485 406 433 348 287 270 348 344 425 412 304 232 201 
#    in scenario 15 for all time periods :
196 205 264 304 267 293 383 396 403 420 469 490 439 386 376 318 330 359 356 443 368 345 280 226 
#    in scenario 16 for all time periods :
170 189 272 295 290 315 364 384 425 411 387 455 378 403 348 340 327 341 372 439 347 326 255 194 
#    in scenario 17 for all time periods :
194 210 255 269 280 297 360 344 381 411 435 490 457 386 388 346 323 334 344 401 373 334 249 224 
#    in scenario 18 for all time periods :
178 205 283 295 327 304 349 372 364 411 474 480 448 377 376 340 307 304 344 373 416 363 272 215 
#    in scenario 19 for all time periods :
198 196 255 269 330 330 349 332 377 392 396 495 415 381 380 322 307 345 336 448 425 319 261 191 
#    in scenario 20 for all time periods :
162 226 252 257 307 326 314 360 381 453 420 415 378 407 328 290 280 341 352 411 386 356 246 201 
#    in scenario 21 for all time periods :
168 219 278 272 333 352 356 348 373 429 464 400 411 355 348 329 277 319 340 387 355 315 238 210 
#    in scenario 22 for all time periods :
176 210 275 279 290 304 314 348 412 448 416 415 462 412 376 350 313 297 372 467 355 293 258 187 
#    in scenario 23 for all time periods :
176 219 264 314 330 352 372 396 407 387 483 435 411 368 320 304 300 297 356 457 412 297 238 187 
#    in scenario 24 for all time periods :
174 187 227 301 297 348 326 348 360 383 392 495 467 360 352 343 283 326 348 411 416 301 235 191 
# at node 2
#    in scenario 0 for all time periods :
178 187 249 263 320 323 383 356 368 457 478 405 411 429 388 287 273 337 380 457 394 359 230 222 
#    in scenario 1 for all time periods :
160 191 232 314 327 304 334 336 390 411 483 435 462 360 372 329 280 304 320 415 360 301 244 233 
#    in scenario 2 for all time periods :
196 187 227 314 280 315 376 348 425 392 411 400 378 420 360 332 270 348 360 406 433 345 235 226 
#    in scenario 3 for all time periods :
174 203 264 291 270 348 314 348 390 411 387 445 406 412 340 298 307 337 396 373 399 315 230 187 
#    in scenario 4 for all time periods :
198 217 252 288 287 356 372 384 351 467 459 490 406 386 344 287 283 319 344 411 355 297 283 194 
#    in scenario 5 for all time periods :
168 215 280 263 290 356 314 356 373 462 387 465 429 433 360 308 330 312 400 411 373 330 227 198 
#    in scenario 6 for all time periods :
194 215 258 253 293 304 368 388 377 383 416 480 453 368 320 329 287 301 352 397 347 363 249 201 
#    in scenario 7 for all time periods :
172 224 269 263 300 341 334 372 351 429 420 495 425 412 368 340 280 356 368 434 364 341 249 231 
#    in scenario 8 for all time periods :
192 194 232 279 313 323 349 324 399 373 392 465 467 381 360 350 270 345 396 453 390 326 280 219 
#    in scenario 9 for all time periods :
198 208 269 304 290 330 341 328 390 378 469 465 420 412 352 315 283 363 384 457 347 345 252 191 
#    in scenario 10 for all time periods :
200 198 261 276 300 337 368 364 386 392 483 420 429 407 372 350 327 293 336 457 425 293 272 219 
#    in scenario 11 for all time periods :
198 198 261 295 307 367 326 372 368 392 440 495 443 373 340 329 277 297 328 392 347 315 244 203 
#    in scenario 12 for all time periods :
182 203 249 253 310 297 380 380 407 453 411 450 420 403 380 315 300 312 380 462 399 323 246 231 
#    in scenario 13 for all time periods :
198 222 230 307 310 345 341 328 390 392 454 500 462 351 324 343 283 345 392 373 368 319 278 189 
#    in scenario 14 for all time periods :
198 196 241 301 277 293 334 392 364 415 478 475 439 433 396 287 293 326 392 383 364 356 264 217 
#    in scenario 15 for all time periods :
182 219 230 269 273 301 307 388 381 387 440 480 439 351 384 298 317 297 332 397 347 293 275 205 
#    in scenario 16 for all time periods :
196 196 241 304 307 304 307 340 433 397 474 440 439 360 372 308 283 345 332 415 351 312 246 210 
#    in scenario 17 for all time periods :
174 203 238 301 317 352 345 368 355 425 425 420 453 386 352 350 323 348 348 425 429 308 272 222 
#    in scenario 18 for all time periods :
172 194 278 301 310 304 330 380 364 425 445 415 457 390 388 346 327 330 348 373 407 319 235 203 
#    in scenario 19 for all time periods :
174 233 275 288 317 348 326 336 386 443 459 500 439 416 336 312 280 301 396 411 347 359 266 233 
#    in scenario 20 for all time periods :
178 224 244 257 267 301 310 376 390 425 450 490 457 429 344 343 277 356 352 434 394 356 227 198 
#    in scenario 21 for all time periods :
198 208 264 272 267 330 314 348 381 429 478 430 383 381 360 346 307 345 384 397 420 341 255 222 
#    in scenario 22 for all time periods :
176 194 269 263 300 308 322 388 425 406 411 480 406 386 320 332 287 293 364 462 377 345 246 194 
#    in scenario 23 for all time periods :
196 217 244 295 300 334 334 388 377 401 420 405 387 425 360 322 277 297 360 401 360 319 269 201 
#    in scenario 24 for all time periods :
184 201 238 317 297 363 349 324 429 420 406 460 448 412 328 343 303 315 380 457 407 345 249 194 
# at node 3
#    in scenario 0 for all time periods :
190 224 227 282 290 312 356 344 351 383 401 500 387 394 384 287 293 301 364 415 429 315 280 196 
#    in scenario 1 for all time periods :
160 224 266 304 317 326 349 336 412 378 425 475 397 355 328 332 323 297 384 373 390 337 241 210 
#    in scenario 2 for all time periods :
162 233 278 298 280 297 334 344 386 401 459 485 387 416 320 350 273 319 384 415 420 359 232 210 
#    in scenario 3 for all time periods :
200 203 269 314 307 304 383 396 394 462 430 485 448 433 372 350 277 323 332 378 394 326 258 187 
#    in scenario 4 for all time periods :
192 212 269 263 293 304 360 380 390 387 483 455 383 433 344 308 270 312 384 467 364 334 249 198 
#    in scenario 5 for all time periods :
160 226 283 260 290 359 380 400 386 443 416 440 392 416 324 290 330 330 396 453 390 363 269 222 
#    in scenario 6 for all time periods :
198 187 246 298 303 367 341 396 390 387 406 440 392 377 388 290 323 315 372 415 433 341 230 224 
#    in scenario 7 for all time periods :
196 215 283 260 293 367 337 380 355 434 387 420 406 355 400 315 320 293 372 462 433 330 269 205 
#    in scenario 8 for all time periods :
196 203 235 291 273 345 307 364 390 378 459 425 383 420 320 343 293 315 380 425 377 334 232 191 
#    in scenario 9 for all time periods :
198 191 275 298 280 352 349 364 433 457 435 480 415 403 400 343 277 334 384 467 381 323 249 217 
#    in scenario 10 for all time periods :
198 222 264 301 290 323 372 372 394 397 420 470 401 364 376 343 310 363 328 373 377 367 238 217 
#    in scenario 11 for all time periods :
168 208 283 291 277 301 307 348 399 467 459 420 420 433 392 318 323 352 328 406 420 312 280 191 
#    in scenario 12 for all time periods :
186 233 252 253 267 312 307 376 394 397 416 485 420 360 392 343 327 356 340 448 420 348 283 229 
#    in scenario 13 for all time periods :
196 219 227 301 307 323 330 352 364 462 454 485 434 355 384 287 327 326 340 387 416 293 269 189 
#    in scenario 14 for all time periods :
196 194 249 295 273 348 372 392 368 448 469 470 411 381 388 294 317 326 328 387 394 337 246 208 
#    in scenario 15 for all time periods :
166 187 261 310 307 301 372 356 420 406 401 435 378 412 320 340 293 315 360 420 360 334 261 210 
#    in scenario 16 for all time periods :
180 217 227 279 327 315 380 388 381 383 406 400 373 351 360 315 303 315 348 387 347 345 235 196 
#    in scenario 17 for all time periods :
184 231 275 304 267 319 383 336 394 373 416 485 457 360 340 298 270 341 352 448 420 367 252 233 
#    in scenario 18 for all time periods :
190 196 272 260 283 319 310 388 347 401 401 445 467 347 376 346 330 312 364 443 394 293 264 210 
#    in scenario 19 for all time periods :
192 212 280 257 333 304 322 324 433 439 392 450 457 390 372 301 293 293 348 383 381 367 227 231 
#    in scenario 20 for all time periods :
166 196 266 263 300 334 307 336 360 429 416 435 411 425 356 340 267 345 344 429 347 367 227 219 
#    in scenario 21 for all time periods :
164 201 272 272 280 308 307 340 403 453 435 420 434 403 328 315 290 359 356 387 403 326 227 187 
#    in scenario 22 for all time periods :
164 191 283 295 320 323 383 320 377 383 420 410 383 399 392 326 323 315 324 373 360 301 255 203 
#    in scenario 23 for all time periods :
164 187 255 282 277 359 334 320 386 439 450 430 467 386 384 304 293 319 344 457 355 315 255 215 
#    in scenario 24 for all time periods :
188 196 249 298 317 301 380 376 394 462 483 415 415 394 380 301 310 323 392 443 403 337 261 231 
# at node 4
#    in scenario 0 for all time periods :
180 191 258 314 317 319 353 368 347 411 469 445 453 399 320 308 313 348 336 387 416 363 283 189 
#    in scenario 1 for all time periods :
172 208 252 266 317 363 380 324 347 415 469 490 387 416 324 329 273 348 324 462 364 363 227 217 
#    in scenario 2 for all time periods :
192 222 280 301 330 312 307 368 355 443 392 435 411 351 384 329 313 312 332 429 433 334 283 196 
#    in scenario 3 for all time periods :
190 233 261 269 333 334 364 392 386 453 406 445 373 394 396 301 277 345 340 453 364 363 261 222 
#    in scenario 4 for all time periods :
168 205 258 260 277 330 326 396 412 448 420 400 457 394 348 294 290 293 392 401 355 308 238 215 
#    in scenario 5 for all time periods :
164 233 227 253 317 304 353 376 360 383 435 500 415 360 340 304 297 341 348 453 399 359 258 189 
#    in scenario 6 for all time periods :
196 231 232 298 313 359 318 372 399 448 454 450 434 416 324 284 280 337 324 439 377 308 232 208 
#    in scenario 7 for all time periods :
170 219 230 295 290 345 334 364 407 443 392 405 467 429 368 332 330 352 388 434 420 319 249 222 
#    in scenario 8 for all time periods :
194 208 280 266 317 345 349 344 381 415 420 415 425 347 320 329 313 330 376 415 412 319 246 215 
#    in scenario 9 for all time periods :
168 205 249 307 330 297 330 344 381 420 469 410 420 381 396 290 267 315 340 397 420 367 264 208 
#    in scenario 10 for all time periods :
200 226 235 282 300 323 380 340 390 420 416 415 429 351 332 308 303 323 384 401 355 308 249 219 
#    in scenario 11 for all time periods :
172 212 272 317 273 356 360 384 394 387 401 480 420 381 376 346 307 293 364 401 351 301 246 189 
#    in scenario 12 for all time periods :
200 194 278 301 333 348 310 372 355 406 401 445 453 355 380 332 303 323 340 425 407 363 244 187 
#    in scenario 13 for all time periods :
186 212 283 307 320 363 326 340 360 415 464 485 392 399 356 301 293 323 364 467 425 319 275 210 
#    in scenario 14 for all time periods :
186 226 255 307 290 341 310 368 355 392 483 495 439 394 356 350 300 308 356 425 394 337 264 231 
#    in scenario 15 for all time periods :
190 205 249 314 313 363 380 364 403 411 445 415 434 368 376 294 327 359 400 457 386 367 246 208 
#    in scenario 16 for all time periods :
168 222 272 285 283 323 322 328 360 467 478 415 448 399 384 326 270 304 380 401 425 348 230 205 
#    in scenario 17 for all time periods :
160 219 266 272 330 345 353 392 364 434 411 485 439 377 388 287 270 352 384 406 381 293 255 224 
#    in scenario 18 for all time periods :
198 210 227 295 320 326 314 320 347 378 474 475 467 399 336 343 300 341 384 425 386 308 272 201 
#    in scenario 19 for all time periods :
186 233 261 298 283 348 376 356 399 401 401 480 443 377 320 326 327 301 388 411 429 363 269 196 
#    in scenario 20 for all time periods :
190 212 272 266 300 301 322 356 425 448 406 470 392 407 324 350 320 323 320 392 351 330 266 201 
#    in scenario 21 for all time periods :
192 215 275 298 333 334 368 336 420 406 464 430 378 377 336 332 287 315 320 392 351 341 261 217 
#    in scenario 22 for all time periods :
184 187 278 291 270 293 356 396 403 378 474 410 457 381 368 315 277 345 400 420 364 363 227 194 
#    in scenario 23 for all time periods :
178 219 244 269 333 337 360 324 351 411 478 445 443 394 328 329 293 319 360 425 416 356 241 233 
#    in scenario 24 for all time periods :
194 219 264 253 317 352 330 368 364 457 396 480 453 381 324 290 267 352 348 462 433 363 235 203 
# at node 5
#    in scenario 0 for all time periods :
170 233 264 272 327 337 341 376 381 443 401 405 448 347 324 329 267 352 376 467 373 341 241 229 
#    in scenario 1 for all time periods :
164 203 238 291 270 330 345 324 416 443 450 495 425 347 336 294 303 337 384 373 416 363 275 196 
#    in scenario 2 for all time periods :
186 189 249 253 297 367 383 340 381 429 450 470 434 386 364 284 300 367 340 429 351 367 261 196 
#    in scenario 3 for all time periods :
190 196 235 304 300 304 376 376 420 439 459 435 429 394 392 284 293 359 320 448 381 348 255 201 
#    in scenario 4 for all time periods :
186 226 272 257 297 301 383 376 368 443 454 465 378 368 324 301 267 334 348 443 355 330 255 222 
#    in scenario 5 for all time periods :
194 198 244 282 327 301 334 368 355 383 416 420 378 403 384 290 333 315 348 453 425 359 269 196 
#    in scenario 6 for all time periods :
176 210 264 272 330 367 368 384 429 448 387 470 397 403 340 280 290 352 344 467 425 330 266 210 
#    in scenario 7 for all time periods :
196 233 278 295 287 345 345 340 360 453 450 440 439 390 360 336 273 356 364 373 403 297 244 226 
#    in scenario 8 for all time periods :
186 201 275 260 333 312 318 344 368 378 392 405 387 351 356 301 283 363 344 462 360 308 227 229 
#    in scenario 9 for all time periods :
188 205 280 310 273 341 368 360 433 453 440 475 373 381 348 322 320 356 356 420 355 301 278 226 
#    in scenario 10 for all time periods :
186 212 283 260 277 345 322 360 351 429 459 495 401 390 396 329 267 341 376 383 399 326 278 198 
#    in scenario 11 for all time periods :
160 215 283 285 277 367 310 396 412 383 450 410 462 412 372 301 270 341 364 457 425 363 230 210 
#    in scenario 12 for all time periods :
174 208 241 291 313 304 322 400 355 448 406 440 397 390 364 298 320 359 352 443 420 326 283 191 
#    in scenario 13 for all time periods :
164 215 244 310 267 334 345 320 412 425 450 450 467 425 356 315 297 330 384 420 420 301 235 201 
#    in scenario 14 for all time periods :
178 196 230 282 317 334 322 372 360 392 483 435 415 377 344 322 317 308 320 392 412 352 249 191 
#    in scenario 15 for all time periods :
174 201 264 282 310 356 322 340 381 411 464 435 429 394 376 287 270 308 328 434 355 352 249 198 
#    in scenario 16 for all time periods :
174 233 264 269 327 345 345 328 381 448 440 420 401 394 360 346 333 352 388 453 364 356 227 226 
#    in scenario 17 for all time periods :
168 191 258 298 280 334 349 368 399 383 396 465 453 420 388 318 327 337 392 406 381 326 230 224 
#    in scenario 18 for all time periods :
176 233 227 269 303 352 307 376 416 439 392 475 462 373 396 343 283 363 384 457 368 293 283 229 
#    in scenario 19 for all time periods :
194 222 283 260 280 326 326 360 412 387 459 460 462 355 336 298 290 345 380 401 386 367 246 187 
#    in scenario 20 for all time periods :
178 231 264 272 303 330 368 332 373 378 392 495 453 407 324 315 277 345 348 439 399 337 238 229 
#    in scenario 21 for all time periods :
200 208 261 298 297 301 318 320 425 443 483 490 401 360 372 308 280 326 348 397 407 359 246 203 
#    in scenario 22 for all time periods :
194 222 255 307 333 359 345 332 407 439 459 500 401 377 340 336 277 345 400 434 381 334 278 205 
#    in scenario 23 for all time periods :
180 212 252 307 287 301 356 392 425 443 464 455 406 429 388 346 303 326 360 373 399 334 261 222 
#    in scenario 24 for all time periods :
188 222 269 257 330 297 349 372 412 443 430 415 415 381 324 290 310 315 328 415 360 293 241 198 
#Maximum capacity P+gs :
# generator 0 for all scenarios
414 364 469 482 410 414 496 541 414 387 423 405 496 514 491 450 514 369 491 523 519 455 419 387 523 
# generator 1 for all scenarios
391 514 505 537 528 496 446 410 432 428 510 523 373 396 391 528 369 541 410 419 510 464 405 441 528 
# generator 2 for all scenarios
120 148 156 151 117 148 109 151 134 107 112 114 156 121 118 108 139 153 113 104 155 118 125 113 146 
# generator 3 for all scenarios
113 155 116 117 105 131 150 104 109 120 152 127 109 155 116 143 148 148 122 151 126 124 136 112 150 
# generator 4 for all scenarios
144 157 130 147 157 185 183 156 130 151 159 151 194 130 168 139 157 190 186 160 152 165 157 147 168 
# generator 5 for all scenarios
70 71 84 71 87 86 76 88 66 81 87 86 78 68 83 96 65 96 84 82 83 73 66 90 66 
# generator 6 for all scenarios
88 93 96 94 85 75 68 88 99 86 77 96 98 99 78 96 97 83 72 99 101 76 76 87 101 
# generator 7 for all scenarios
54 60 57 62 47 48 52 64 46 56 54 53 46 57 44 45 57 54 65 60 48 46 53 51 51 
# generator 8 for all scenarios
60 66 45 58 58 46 61 64 46 57 45 55 62 48 48 56 49 47 48 48 66 62 45 56 64 
# generator 9 for all scenarios
61 56 62 59 61 47 59 63 60 56 65 44 53 60 62 51 50 53 52 53 61 45 45 57 44 
# generator 10 for all scenarios
528 519 428 428 491 460 441 469 400 510 537 541 546 496 387 464 414 405 387 532 441 510 419 537 441 
# generator 11 for all scenarios
519 382 432 382 432 441 460 441 528 455 405 396 469 487 469 469 505 546 510 382 469 382 428 369 387 
# generator 12 for all scenarios
122 153 146 110 130 133 140 130 138 125 110 155 152 124 112 135 139 104 143 127 120 121 125 136 130 
# generator 13 for all scenarios
131 133 112 122 146 140 116 105 127 124 110 133 127 121 135 139 125 142 138 146 151 135 151 114 144 
# generator 14 for all scenarios
167 152 141 141 165 194 186 191 194 136 157 152 147 146 141 162 138 165 134 178 190 154 147 170 160 
# generator 15 for all scenarios
90 79 73 66 81 90 92 87 74 67 86 94 77 70 74 92 77 67 85 96 69 86 87 89 80 
# generator 16 for all scenarios
73 93 93 87 99 88 86 76 78 88 98 95 82 82 94 90 73 71 94 74 76 96 84 68 80 
# generator 17 for all scenarios
57 60 58 53 61 64 66 48 65 60 52 49 51 52 44 59 60 44 46 62 65 56 50 46 46 
# generator 18 for all scenarios
56 52 50 52 47 48 48 57 47 45 52 55 48 44 51 45 56 50 57 58 62 48 56 59 44 
# generator 19 for all scenarios
47 65 46 66 58 49 61 61 47 46 56 54 63 60 58 46 62 61 51 47 59 52 51 46 63 
#Minimum capacity P-gs:
# generator 0 for all scenarios
178 124 142 164 130 142 178 160 138 148 129 128 140 156 135 172 148 152 174 129 154 178 126 147 147 
# generator 1 for all scenarios
124 142 130 158 164 134 152 141 168 146 171 168 152 150 122 142 134 134 153 147 177 130 178 153 169 
# generator 2 for all scenarios
23 23 19 16 20 16 22 18 18 19 18 20 16 23 18 20 19 20 20 23 22 21 22 23 21 
# generator 3 for all scenarios
16 17 16 18 17 18 22 23 24 24 20 20 19 23 17 21 20 17 18 21 21 16 20 17 23 
# generator 4 for all scenarios
22 20 26 26 28 20 21 22 21 23 21 23 24 26 20 29 28 21 25 27 21 28 26 22 25 
# generator 5 for all scenarios
21 19 22 20 18 22 23 19 20 24 17 19 20 19 19 16 19 18 22 17 19 18 21 16 20 
# generator 6 for all scenarios
21 25 22 22 21 26 30 23 30 24 30 26 28 22 29 24 26 21 29 27 22 23 23 20 28 
# generator 7 for all scenarios
8 8 11 10 9 12 11 10 10 8 9 8 11 10 11 11 9 10 9 11 8 9 11 10 11 
# generator 8 for all scenarios
11 11 12 10 11 10 12 10 9 10 11 11 10 10 9 10 10 10 11 12 8 9 9 12 10 
# generator 9 for all scenarios
9 10 8 10 9 9 11 10 12 11 8 8 10 12 8 11 12 12 10 12 9 10 9 11 12 
# generator 10 for all scenarios
129 178 150 168 132 156 150 142 148 153 132 153 129 154 165 180 164 172 167 152 138 174 123 160 142 
# generator 11 for all scenarios
135 176 148 150 126 144 165 130 165 156 159 160 146 124 140 126 132 177 130 147 156 177 164 144 124 
# generator 12 for all scenarios
24 21 16 23 17 22 16 16 22 19 22 17 21 17 24 22 16 20 23 23 20 21 22 23 19 
# generator 13 for all scenarios
24 16 21 18 17 16 18 18 17 16 17 19 24 21 24 22 23 19 16 22 22 17 17 19 18 
# generator 14 for all scenarios
25 21 28 23 21 24 30 23 23 20 24 30 27 21 21 26 22 22 21 30 24 24 26 26 26 
# generator 15 for all scenarios
17 21 23 22 19 19 21 16 20 18 19 20 17 19 17 17 23 20 20 23 18 19 17 22 17 
# generator 16 for all scenarios
29 23 20 30 24 24 30 22 26 28 23 29 29 27 20 26 29 25 25 20 26 23 28 25 20 
# generator 17 for all scenarios
10 12 11 12 12 10 9 8 12 10 8 11 12 12 10 9 11 8 10 12 11 9 10 10 11 
# generator 18 for all scenarios
11 10 11 9 9 11 12 9 11 10 12 11 9 9 8 11 9 11 11 9 9 9 8 11 11 
# generator 19 for all scenarios
9 10 9 10 11 10 9 11 9 8 10 10 12 10 9 9 11 9 12 12 10 11 10 10 9 
#Maximum ramping for all generators R+g :
250 250 80 80 25 20 25 10 10 10 250 250 80 80 25 20 25 10 10 10 
#Minimum ramping for all generators R-g :
150 150 20 20 25 20 25 10 10 10 150 150 20 20 25 20 25 10 10 10 
#Minimum up time for all generators UTg :
8 8 5 5 6 3 3 1 1 1 8 8 5 5 6 3 3 1 1 1 
#Minimum down time for all generators DTg :
8 8 5 5 6 3 3 1 1 1 8 8 5 5 6 3 3 1 1 1 
#Number of period : N=T
#Total reserve for all time periods Tt : 
60.0 70.0 85.0 95.0 100.0 110.0 115.0 120.0 130.0 140.0 145.0 150.0 140.0 130.0 120.0 105.0 100.0 110.0 120.0 140.0 130.0 110.0 85.0 70.0 
#Fast reserve for all time periods Ft : 
6.0 7.0 8.5 9.5 10.0 11.0 11.5 12.0 13.0 14.0 14.5 15.0 14.0 13.0 12.0 10.5 10.0 11.0 12.0 14.0 13.0 11.0 8.5 7.0 
#Susceptance Bls : 
#Line 0 in all scenarios
0.89 0.77 0.85 0.88 0.88 0.74 0.83 0.79 0.81 0.69 0.69 0.65 0.84 0.71 0.7 0.8 0.79 0.84 0.75 0.87 0.65 0.84 0.8 0.74 0.74 
#Line 1 in all scenarios
0.78 0.87 0.8 0.89 0.84 0.68 0.83 0.61 0.82 0.77 0.65 0.83 0.83 0.73 0.68 0.88 0.86 0.67 0.7 0.76 0.85 0.7 0.75 0.75 0.82 
#Line 2 in all scenarios
0.61 0.65 0.82 0.84 0.7 0.71 0.74 0.88 0.89 0.73 0.88 0.68 0.77 0.89 0.71 0.73 0.79 0.7 0.78 0.88 0.88 0.9 0.81 0.66 0.74 
#Line 3 in all scenarios
0.83 0.6 0.67 0.64 0.72 0.77 0.71 0.65 0.86 0.62 0.84 0.84 0.74 0.66 0.84 0.64 0.8 0.83 0.83 0.69 0.68 0.71 0.61 0.63 0.82 
#Line 4 in all scenarios
0.6 0.8 0.77 0.85 0.7 0.78 0.62 0.85 0.69 0.69 0.79 0.74 0.9 0.64 0.74 0.65 0.86 0.68 0.75 0.9 0.7 0.6 0.86 0.63 0.87 
#Line 5 in all scenarios
0.72 0.78 0.73 0.89 0.69 0.71 0.66 0.71 0.77 0.82 0.8 0.67 0.74 0.66 0.9 0.72 0.81 0.68 0.62 0.78 0.89 0.62 0.75 0.77 0.67 
#Line 6 in all scenarios
0.63 0.7 0.84 0.81 0.8 0.65 0.74 0.79 0.61 0.69 0.64 0.67 0.87 0.76 0.67 0.61 0.73 0.72 0.6 0.68 0.67 0.82 0.62 0.69 0.75 
#Line 7 in all scenarios
0.74 0.87 0.76 0.86 0.64 0.63 0.75 0.66 0.86 0.8 0.86 0.67 0.69 0.88 0.88 0.6 0.75 0.88 0.61 0.82 0.8 0.81 0.78 0.83 0.67 
#Line 8 in all scenarios
0.87 0.69 0.8 0.9 0.88 0.78 0.66 0.9 0.7 0.66 0.67 0.75 0.66 0.71 0.73 0.89 0.66 0.88 0.62 0.76 0.65 0.71 0.64 0.62 0.8 
#Line 9 in all scenarios
0.62 0.76 0.84 0.78 0.8 0.84 0.67 0.77 0.76 0.73 0.67 0.77 0.86 0.73 0.87 0.88 0.84 0.79 0.6 0.75 0.77 0.78 0.84 0.62 0.79 
#Line 10 in all scenarios
0.62 0.87 0.83 0.81 0.9 0.66 0.69 0.73 0.86 0.86 0.89 0.71 0.74 0.76 0.65 0.86 0.7 0.63 0.62 0.8 0.83 0.8 0.9 0.81 0.69 
#Line 11 in all scenarios
0.76 0.64 0.73 0.88 0.81 0.81 0.77 0.68 0.68 0.71 0.68 0.71 0.88 0.83 0.77 0.66 0.88 0.73 0.86 0.81 0.9 0.61 0.84 0.68 0.64 
#Line 12 in all scenarios
0.6 0.84 0.74 0.81 0.89 0.69 0.63 0.81 0.86 0.75 0.81 0.87 0.6 0.7 0.66 0.78 0.82 0.6 0.86 0.78 0.6 0.84 0.8 0.88 0.75 
#Line 13 in all scenarios
0.68 0.75 0.84 0.89 0.66 0.89 0.82 0.89 0.8 0.88 0.61 0.76 0.68 0.84 0.76 0.81 0.81 0.6 0.65 0.71 0.8 0.83 0.74 0.62 0.89 
#Line 14 in all scenarios
0.78 0.76 0.69 0.62 0.6 0.84 0.81 0.9 0.8 0.75 0.64 0.7 0.66 0.6 0.81 0.6 0.85 0.62 0.61 0.85 0.81 0.87 0.64 0.64 0.73 
#Line 15 in all scenarios
0.75 0.76 0.9 0.84 0.75 0.82 0.61 0.9 0.67 0.82 0.87 0.73 0.7 0.63 0.81 0.62 0.68 0.71 0.69 0.64 0.71 0.68 0.67 0.83 0.78 
#Line 16 in all scenarios
0.69 0.84 0.75 0.79 0.73 0.73 0.86 0.82 0.88 0.6 0.86 0.71 0.71 0.73 0.79 0.83 0.87 0.68 0.7 0.69 0.7 0.66 0.89 0.63 0.77 
#Line 17 in all scenarios
0.7 0.71 0.8 0.9 0.76 0.72 0.78 0.82 0.6 0.69 0.74 0.8 0.73 0.78 0.61 0.8 0.7 0.66 0.65 0.79 0.6 0.82 0.85 0.85 0.89 
#Maximum capacity of all lines TCl : 
667 667 667 667 667 667 667 667 667 667 667 667 667 667 667 667 667 667 
#Fast reserve limit of all generators FRg : 
250 250 80 80 25 20 25 10 10 10 250 250 80 80 25 20 25 10 10 10 
#No import groups ICj 
#No polarity gamma-jl 
