#Number of generators G :
20
#Gs :
1 2 4 6 7 11 12 13 14 15 20 
#Gf :
3 5 8 9 10 16 17 18 19 
#S :
10
#T :
48
#L :
21
#N :
7
#Gn (one line contains indices of generators at a node) :
#node 0
1 2 
#node 1
3 
#node 2
4 5 6 
#node 3
7 8 9 
#node 4
10 11 12 13 14 
#node 5
15 16 
#node 6
17 18 19 20 
#LIn (one line contains incoming lines at a node) :
#node 0
7-1 6-1 5-1 
#node 1
1-2 7-2 6-2 
#node 2
2-3 1-3 7-3 
#node 3
3-4 2-4 1-4 
#node 4
4-5 3-5 2-5 
#node 5
5-6 4-6 3-6 
#node 6
6-7 5-7 4-7 
#LOn (one line contains outgoing lines at a node) :
#node 0
1-2 1-3 1-4 
#node 1
2-3 2-4 2-5 
#node 2
3-4 3-5 3-6 
#node 3
4-5 4-6 4-7 
#node 4
5-6 5-7 5-1 
#node 5
6-7 6-1 6-2 
#node 6
7-1 7-2 7-3 
#No import group IG
#No lines in import groups IGj 
#Probability of each scenario ps : 
0.1 0.1 0.1 0.1 0.1 0.1 0.1 0.1 0.1 0.1 
#minimum load cost of generators Kg :
1000 970 700 680 450 370 480 660 665 670 1000 970 700 680 450 370 480 660 665 670 
#start-up of generators Sg :
4500 5000 550 560 900 170 260 30 30 30 4500 5000 550 560 900 170 260 30 30 30 
#marginal cost of generators Cg :
16.19 17.26 16.6 16.5 19.7 22.26 27.74 25.92 27.27 27.79 16.19 17.26 16.6 16.5 19.7 22.26 27.74 25.92 27.27 27.79 
#demand Dnst :
# at node 0
#    in scenario 0 for all time periods :
165 188 204 271 231 311 269 285 338 376 381 411 332 323 329 240 269 258 309 388 305 251 233 192 170 182 194 233 271 305 289 329 312 348 402 390 368 305 315 249 237 299 295 372 357 283 231 182 
#    in scenario 1 for all time periods :
165 188 202 261 231 302 289 319 316 396 365 424 328 360 315 267 283 295 309 320 345 251 214 184 171 194 221 225 249 305 266 333 323 332 389 407 384 357 309 258 249 289 278 376 360 302 202 178 
#    in scenario 2 for all time periods :
139 198 211 255 254 264 266 274 349 336 402 407 332 301 288 240 229 311 302 336 297 314 197 188 139 200 209 261 274 255 312 274 364 348 410 343 356 371 329 255 254 311 285 336 364 308 228 198 
#    in scenario 3 for all time periods :
168 162 211 242 280 314 312 312 305 364 373 356 392 349 274 288 260 255 295 328 323 251 211 194 166 188 194 233 266 251 266 281 368 328 410 364 336 301 322 297 277 308 315 360 360 305 206 160 
#    in scenario 4 for all time periods :
142 200 231 220 237 283 329 295 301 324 389 364 344 357 291 261 283 314 319 320 334 292 236 196 165 176 243 231 266 261 269 326 297 400 340 390 396 301 274 270 240 286 302 332 364 261 206 174 
#    in scenario 5 for all time periods :
163 190 209 269 231 302 283 329 360 336 414 399 352 331 291 264 254 308 305 392 357 299 216 170 146 168 214 261 257 280 296 288 331 352 331 377 340 357 305 249 251 292 278 400 345 277 206 172 
#    in scenario 6 for all time periods :
147 190 233 247 251 299 329 288 371 384 331 351 332 368 343 288 229 261 333 376 297 251 236 190 146 172 204 236 240 270 279 336 308 336 360 399 352 345 305 267 257 270 322 356 316 295 204 190 
#    in scenario 7 for all time periods :
161 174 216 271 269 270 269 288 316 396 369 373 320 327 281 267 240 251 329 320 368 251 194 178 149 190 211 244 283 267 286 298 316 340 389 343 392 327 278 282 283 305 274 348 312 261 226 162 
#    in scenario 8 for all time periods :
171 184 211 231 274 251 263 291 371 340 336 364 336 371 305 258 274 267 285 388 345 286 214 192 141 196 221 223 260 292 306 295 308 360 360 403 376 353 291 249 257 255 319 388 360 286 197 176 
#    in scenario 9 for all time periods :
146 174 233 242 274 299 269 298 342 392 348 343 356 349 319 243 260 314 288 392 305 251 236 188 163 196 206 228 254 258 306 319 319 360 331 364 360 345 291 291 260 277 336 324 360 283 238 174 
# at node 1
#    in scenario 0 for all time periods :
156 160 226 258 257 311 289 333 319 360 402 347 348 338 278 279 231 292 302 356 323 299 243 184 153 162 197 258 234 286 302 302 316 380 414 416 368 368 291 291 237 267 285 380 353 277 202 174 
#    in scenario 1 for all time periods :
165 164 214 239 263 277 312 326 345 328 365 343 376 368 278 294 271 258 298 328 297 311 211 196 146 194 197 255 260 302 286 288 368 328 398 399 348 327 322 249 240 277 319 392 301 286 211 162 
#    in scenario 2 for all time periods :
165 182 243 220 263 311 319 343 334 344 373 420 320 312 305 243 237 299 274 380 297 280 204 192 171 196 211 269 286 261 269 274 349 400 344 403 328 316 319 282 254 311 339 368 360 311 202 190 
#    in scenario 3 for all time periods :
170 180 228 255 246 255 329 295 345 356 398 416 392 368 295 270 266 258 322 376 338 302 226 182 166 186 221 223 277 305 286 322 357 384 373 424 384 312 326 291 271 292 309 380 297 289 199 162 
#    in scenario 4 for all time periods :
170 172 197 231 234 308 273 302 342 372 373 369 376 297 326 243 246 261 326 360 334 255 238 166 139 180 228 236 260 308 319 326 305 348 398 424 400 349 298 300 280 251 291 320 323 273 209 178 
#    in scenario 5 for all time periods :
159 190 223 258 237 299 276 329 327 400 381 356 360 338 322 267 286 273 298 344 319 299 233 192 149 188 226 233 246 305 312 312 368 372 369 407 400 360 309 285 280 258 288 360 338 283 243 194 
#    in scenario 6 for all time periods :
153 162 204 252 271 311 263 288 308 364 331 386 336 316 339 300 249 302 291 392 319 273 236 178 158 172 204 223 266 286 299 309 316 384 377 377 356 331 336 273 251 295 274 332 316 308 243 196 
#    in scenario 7 for all time periods :
158 182 206 217 286 295 302 295 357 332 365 411 396 297 288 270 246 261 305 336 342 311 219 164 149 168 228 228 254 270 322 329 308 352 402 399 360 371 309 279 269 283 339 360 360 295 221 164 
#    in scenario 8 for all time periods :
156 196 223 233 251 302 289 326 308 344 414 390 344 305 291 294 286 299 302 364 305 286 233 178 149 172 214 220 277 277 315 329 342 344 377 377 328 297 298 288 243 289 291 364 308 277 211 194 
#    in scenario 9 for all time periods :
166 186 216 266 251 289 296 298 327 360 377 411 328 338 336 252 269 258 278 376 364 289 221 162 139 192 238 263 243 283 315 281 327 360 348 390 340 357 339 273 280 308 329 372 371 264 211 194 
# at node 2
#    in scenario 0 for all time periods :
165 164 223 228 231 314 325 278 297 320 331 356 392 323 315 264 266 277 291 344 345 286 206 200 142 198 238 255 237 264 329 295 357 372 356 390 348 305 333 267 277 270 298 320 360 264 243 186 
#    in scenario 1 for all time periods :
149 192 231 247 271 311 299 291 349 328 360 381 340 368 319 246 234 255 339 388 316 311 211 188 153 174 206 271 274 295 273 329 319 388 398 347 332 319 336 267 277 267 281 348 342 302 206 186 
#    in scenario 2 for all time periods :
161 184 228 247 277 270 325 339 364 376 344 411 368 316 319 243 237 308 295 348 360 251 228 184 151 198 211 223 271 261 322 274 345 364 365 360 372 312 305 291 254 264 339 388 364 258 228 198 
#    in scenario 3 for all time periods :
146 174 219 239 269 295 289 291 345 380 360 424 324 345 309 249 277 289 322 384 316 280 206 198 165 186 221 239 257 277 299 291 360 324 410 369 336 323 295 255 269 251 274 352 345 277 238 184 
#    in scenario 4 for all time periods :
158 180 221 244 263 283 273 343 357 364 348 411 336 312 336 300 254 258 326 368 353 305 228 172 163 184 226 236 266 314 322 312 360 352 360 343 400 316 339 246 266 283 302 328 301 286 204 172 
#    in scenario 5 for all time periods :
159 198 216 220 266 292 306 343 301 364 385 424 324 331 309 279 249 308 291 364 342 314 228 182 159 164 216 252 243 311 299 333 364 376 377 381 340 308 329 270 251 261 298 356 371 292 202 186 
#    in scenario 6 for all time periods :
137 176 243 220 237 280 292 336 334 368 394 386 328 316 329 297 246 286 343 356 297 280 197 194 141 164 233 269 274 264 306 278 327 368 377 364 376 323 274 273 249 311 291 376 319 264 204 188 
#    in scenario 7 for all time periods :
163 168 240 258 269 255 322 291 331 352 360 399 384 360 329 276 263 283 336 388 308 292 194 188 166 166 233 247 246 292 269 322 308 332 414 360 384 319 281 240 249 299 305 352 308 314 204 186 
#    in scenario 8 for all time periods :
149 192 206 252 246 270 309 336 334 332 331 373 364 308 309 270 277 261 285 336 323 295 233 186 161 180 216 269 286 251 273 339 334 364 381 381 360 338 312 297 231 286 309 340 319 308 199 192 
#    in scenario 9 for all time periods :
154 164 223 258 283 302 319 295 334 372 369 356 400 312 288 291 237 299 298 332 368 308 236 192 144 192 233 266 231 280 302 274 371 324 365 411 348 360 295 246 254 261 291 392 345 292 216 166 
# at node 3
#    in scenario 0 for all time periods :
168 200 240 250 286 289 319 319 338 388 369 416 360 345 322 261 266 308 319 380 357 311 219 188 165 164 238 220 229 286 309 322 334 368 389 386 388 368 333 261 231 299 288 396 357 255 236 184 
#    in scenario 1 for all time periods :
153 164 221 239 277 302 322 281 316 372 369 394 392 349 322 243 280 283 315 368 308 283 194 188 139 190 219 271 260 292 299 281 338 332 385 381 384 301 309 273 274 273 343 320 305 314 199 196 
#    in scenario 2 for all time periods :
141 192 223 261 229 255 276 285 357 392 365 373 324 327 329 282 260 299 333 340 334 305 204 160 165 184 194 217 277 251 312 326 364 400 352 343 320 301 295 261 257 308 343 384 371 314 233 176 
#    in scenario 3 for all time periods :
149 192 199 255 243 273 296 333 345 352 344 403 392 338 302 261 280 295 333 384 316 289 216 196 137 160 238 231 251 277 292 329 342 384 373 386 320 371 339 300 260 283 291 372 345 264 223 160 
#    in scenario 4 for all time periods :
146 196 214 217 269 258 276 319 360 380 369 416 356 353 291 261 263 286 315 320 312 267 202 180 165 174 214 239 280 305 319 288 319 348 377 399 396 312 281 240 249 295 333 324 312 305 238 178 
#    in scenario 5 for all time periods :
137 166 240 247 240 277 296 339 334 320 348 390 360 301 322 258 269 308 329 352 345 311 233 162 170 182 204 220 266 299 302 298 301 380 373 411 376 349 312 240 229 261 291 372 308 314 219 176 
#    in scenario 6 for all time periods :
153 186 228 225 240 261 269 298 342 348 348 407 360 327 288 285 257 251 315 364 338 289 243 172 151 160 199 225 237 267 283 274 353 364 410 407 368 345 329 273 274 277 298 344 323 299 206 194 
#    in scenario 7 for all time periods :
156 190 221 231 280 264 325 315 349 356 381 386 364 360 333 288 269 277 309 396 334 280 226 160 137 188 206 228 271 270 286 309 360 328 365 420 332 305 288 294 243 267 281 396 342 289 236 184 
#    in scenario 8 for all time periods :
159 164 199 255 269 308 309 333 319 392 365 411 384 360 274 273 240 292 312 352 305 305 219 198 142 186 243 252 234 258 306 315 334 388 356 390 368 368 285 285 251 289 329 320 334 305 204 174 
#    in scenario 9 for all time periods :
141 180 231 250 277 295 273 274 357 344 406 364 336 371 274 243 249 311 339 384 357 255 199 178 156 192 197 271 277 267 315 302 368 368 344 356 324 308 322 264 254 283 343 364 349 299 228 180 
# at node 4
#    in scenario 0 for all time periods :
166 166 194 220 280 311 289 333 342 340 360 403 344 305 278 246 231 283 274 388 360 283 216 186 144 182 211 250 254 270 296 312 334 332 360 377 328 331 333 279 280 314 343 320 338 299 223 196 
#    in scenario 1 for all time periods :
170 174 233 223 274 311 299 319 305 392 377 347 376 297 322 267 257 286 291 360 357 305 236 200 168 194 226 228 271 255 315 329 360 348 414 411 352 301 322 276 280 277 281 344 297 286 197 164 
#    in scenario 2 for all time periods :
151 196 243 223 240 270 312 319 316 384 336 390 388 338 278 282 251 308 274 400 353 308 211 172 170 184 240 266 286 305 263 302 297 332 398 411 364 327 343 291 231 295 333 328 353 286 221 200 
#    in scenario 3 for all time periods :
165 200 240 231 280 289 312 339 308 380 410 429 336 357 288 258 229 280 281 336 360 280 243 172 158 188 233 244 231 267 286 319 301 344 356 347 368 331 319 294 246 264 326 340 357 295 243 180 
#    in scenario 4 for all time periods :
165 182 202 247 231 267 322 326 338 336 356 403 356 334 336 243 283 270 329 348 360 270 214 198 158 198 204 244 280 273 289 309 308 344 406 356 320 316 322 270 229 251 305 380 353 267 223 172 
#    in scenario 5 for all time periods :
144 196 211 217 286 311 306 312 357 388 410 386 324 338 333 276 249 283 339 368 331 255 206 170 171 178 243 217 269 308 289 305 323 396 385 399 364 371 333 300 271 299 288 380 342 267 223 166 
#    in scenario 6 for all time periods :
141 174 238 247 231 258 276 326 301 356 377 343 380 305 281 291 266 251 302 360 338 277 238 172 165 188 223 263 283 280 276 298 349 380 331 407 356 338 343 270 263 261 326 352 316 270 221 164 
#    in scenario 7 for all time periods :
141 196 238 271 234 295 289 298 353 368 340 356 320 319 281 264 260 267 336 356 357 308 194 174 165 192 240 247 234 251 309 319 331 320 356 416 368 345 322 249 280 258 281 376 323 277 194 162 
#    in scenario 8 for all time periods :
166 162 243 261 266 311 306 322 334 360 369 377 336 353 322 252 243 267 288 392 353 295 228 176 147 178 219 242 286 267 319 309 353 376 336 429 372 357 288 243 280 299 305 360 371 280 233 168 
#    in scenario 9 for all time periods :
154 160 209 250 257 295 289 333 371 348 381 394 340 353 329 246 283 261 336 372 319 283 238 162 151 200 219 223 237 314 329 322 342 380 398 356 380 327 326 279 243 277 309 384 334 311 223 190 
# at node 5
#    in scenario 0 for all time periods :
170 192 231 255 280 295 329 291 297 336 414 381 368 338 281 240 251 270 274 352 334 311 206 200 170 182 211 250 266 280 319 298 338 344 389 373 380 334 322 297 240 251 329 364 297 305 221 182 
#    in scenario 1 for all time periods :
142 180 228 252 257 299 269 281 349 324 331 360 340 368 302 297 231 292 305 352 312 258 228 160 142 170 204 217 271 308 266 278 364 344 389 416 348 364 315 261 271 289 274 388 349 308 221 168 
#    in scenario 2 for all time periods :
144 190 194 236 234 299 315 309 323 328 410 386 340 312 315 258 274 255 319 376 360 295 238 192 161 200 199 244 254 289 279 278 338 328 365 416 348 338 315 264 249 258 295 344 368 255 226 190 
#    in scenario 3 for all time periods :
156 190 194 271 280 277 309 274 323 388 360 373 356 323 302 294 234 270 315 396 371 255 216 178 163 160 209 233 263 308 302 278 331 344 360 424 376 357 298 252 260 299 322 356 316 302 194 160 
#    in scenario 4 for all time periods :
144 172 238 247 246 277 309 278 353 376 398 390 396 323 291 240 234 251 288 340 342 261 223 176 161 176 216 255 229 267 319 333 338 360 369 411 336 342 295 261 243 258 285 332 349 270 211 200 
#    in scenario 5 for all time periods :
151 160 221 239 231 264 289 326 327 372 394 429 380 305 319 246 277 251 336 344 368 277 209 186 147 162 236 263 280 302 312 343 364 360 381 351 328 323 312 267 280 267 305 360 308 292 211 168 
#    in scenario 6 for all time periods :
161 190 223 244 251 289 273 343 338 388 340 347 336 342 329 264 260 264 278 340 323 283 233 196 156 170 214 220 274 286 292 315 360 352 402 399 352 364 278 273 249 251 288 356 327 251 211 160 
#    in scenario 7 for all time periods :
141 184 216 236 249 258 312 339 323 320 348 364 336 305 309 264 231 299 295 372 364 286 233 190 170 188 228 236 286 277 269 339 364 384 398 390 384 312 291 261 286 302 322 336 360 295 226 196 
#    in scenario 8 for all time periods :
154 192 204 261 234 289 306 339 316 356 360 394 356 316 281 255 280 258 329 400 371 308 209 162 159 164 221 255 271 299 273 288 331 320 385 416 340 301 329 261 240 283 288 332 312 314 243 196 
#    in scenario 9 for all time periods :
161 200 199 231 237 255 286 295 345 340 381 403 364 334 315 255 269 251 302 400 371 283 243 164 159 186 226 225 251 314 269 302 319 400 360 403 396 319 315 252 229 302 333 332 342 292 209 160 
# at node 6
#    in scenario 0 for all time periods :
168 164 197 271 234 292 312 295 334 332 398 420 388 368 295 300 249 305 329 388 364 314 238 180 151 172 209 244 254 286 325 309 360 344 414 390 336 338 326 291 257 270 288 320 301 264 199 176 
#    in scenario 1 for all time periods :
171 194 223 225 243 292 306 302 342 376 373 390 336 305 305 282 257 295 288 372 327 295 214 190 151 164 233 247 266 277 299 274 345 396 331 429 340 338 278 255 234 299 343 332 371 314 204 160 
#    in scenario 2 for all time periods :
165 188 204 228 263 311 269 339 331 368 394 420 332 338 298 270 251 295 319 364 338 277 219 184 141 170 194 271 249 277 309 278 323 372 365 407 400 301 336 273 280 277 319 340 353 255 243 184 
#    in scenario 3 for all time periods :
163 172 216 269 274 295 309 333 334 376 369 360 324 312 298 261 243 264 326 356 319 314 197 174 161 164 221 244 229 295 266 343 323 364 340 403 324 312 309 282 231 258 336 384 308 286 221 166 
#    in scenario 4 for all time periods :
141 196 243 225 246 270 286 312 312 376 348 347 328 323 339 261 269 305 305 356 316 270 231 180 166 178 197 233 274 264 315 336 327 368 406 399 336 316 278 273 229 289 319 372 364 261 214 184 
#    in scenario 5 for all time periods :
144 168 233 258 274 314 302 339 334 368 402 364 364 312 322 276 231 299 319 340 364 264 204 170 165 188 243 271 274 280 309 319 305 380 398 377 372 345 295 270 266 251 274 348 360 283 223 198 
#    in scenario 6 for all time periods :
171 180 204 231 240 302 269 298 316 368 381 364 324 312 312 276 246 280 339 336 338 270 216 186 154 196 223 217 263 289 269 309 327 392 381 403 364 323 322 249 234 280 333 332 342 302 204 180 
#    in scenario 7 for all time periods :
137 172 226 271 269 292 309 295 364 400 389 403 376 342 343 258 271 277 315 324 334 292 209 198 161 172 240 266 240 302 329 315 312 388 352 381 328 331 315 240 277 295 295 360 364 292 238 188 
#    in scenario 8 for all time periods :
161 172 223 244 280 295 276 315 368 352 373 424 332 338 305 255 240 277 281 392 308 289 243 190 149 178 226 244 254 302 322 319 312 336 406 360 344 316 291 261 263 305 315 360 323 286 211 196 
#    in scenario 9 for all time periods :
159 188 228 271 274 289 266 333 308 356 389 424 332 371 285 252 237 258 315 352 360 308 233 170 159 198 216 236 249 305 263 336 353 360 414 364 348 312 295 279 229 251 315 340 353 311 223 190 
#Maximum capacity P+gs :
# generator 0 for all scenarios
432 378 391 441 446 450 528 437 505 387 
# generator 1 for all scenarios
373 432 400 455 528 464 428 400 441 423 
# generator 2 for all scenarios
113 148 104 124 133 138 124 118 147 148 
# generator 3 for all scenarios
122 155 120 109 144 147 148 112 133 147 
# generator 4 for all scenarios
181 138 139 147 151 194 194 152 194 157 
# generator 5 for all scenarios
89 68 70 96 68 71 89 77 80 81 
# generator 6 for all scenarios
79 72 94 97 83 89 100 82 95 99 
# generator 7 for all scenarios
58 62 60 49 48 59 48 55 45 45 
# generator 8 for all scenarios
56 60 48 58 60 52 45 57 63 63 
# generator 9 for all scenarios
44 61 46 64 46 63 57 65 46 46 
# generator 10 for all scenarios
505 391 514 382 455 428 405 446 541 428 
# generator 11 for all scenarios
496 482 546 437 378 446 396 510 501 464 
# generator 12 for all scenarios
140 104 156 108 129 120 144 120 129 112 
# generator 13 for all scenarios
153 112 138 131 138 104 136 126 117 151 
# generator 14 for all scenarios
143 172 151 136 156 185 165 193 177 190 
# generator 15 for all scenarios
71 67 92 93 78 73 80 66 94 72 
# generator 16 for all scenarios
100 101 93 94 86 90 80 87 76 68 
# generator 17 for all scenarios
47 64 64 58 62 51 51 56 50 52 
# generator 18 for all scenarios
50 64 46 56 57 63 59 49 48 54 
# generator 19 for all scenarios
54 46 59 48 64 62 45 45 58 64 
#Minimum capacity P-gs:
# generator 0 for all scenarios
129 134 171 126 158 132 134 160 130 123 
# generator 1 for all scenarios
167 141 154 122 144 130 165 162 138 165 
# generator 2 for all scenarios
18 22 18 22 16 20 21 18 20 16 
# generator 3 for all scenarios
18 17 24 23 19 18 17 18 22 21 
# generator 4 for all scenarios
28 23 25 29 26 24 28 27 26 29 
# generator 5 for all scenarios
21 21 23 24 19 21 22 23 18 21 
# generator 6 for all scenarios
29 25 27 22 20 26 29 24 28 29 
# generator 7 for all scenarios
10 9 11 11 9 10 9 8 10 11 
# generator 8 for all scenarios
10 12 9 8 9 11 9 10 8 10 
# generator 9 for all scenarios
11 8 8 12 10 10 11 11 11 8 
# generator 10 for all scenarios
158 160 141 176 171 172 174 130 169 159 
# generator 11 for all scenarios
156 135 136 123 153 165 162 178 152 147 
# generator 12 for all scenarios
21 18 17 21 21 21 22 21 22 16 
# generator 13 for all scenarios
18 23 23 18 16 18 22 19 21 21 
# generator 14 for all scenarios
28 27 24 20 21 22 29 25 23 27 
# generator 15 for all scenarios
19 19 17 22 19 23 18 24 19 18 
# generator 16 for all scenarios
20 20 28 24 22 23 28 26 23 30 
# generator 17 for all scenarios
9 9 10 9 11 10 12 11 11 8 
# generator 18 for all scenarios
10 10 9 12 8 10 11 9 10 10 
# generator 19 for all scenarios
10 10 9 9 9 12 12 11 10 12 
#Maximum ramping for all generators R+g :
250 250 80 80 25 20 25 10 10 10 250 250 80 80 25 20 25 10 10 10 
#Minimum ramping for all generators R-g :
150 150 20 20 25 20 25 10 10 10 150 150 20 20 25 20 25 10 10 10 
#Minimum up time for all generators UTg :
8 8 5 5 6 3 3 1 1 1 8 8 5 5 6 3 3 1 1 1 
#Minimum down time for all generators DTg :
8 8 5 5 6 3 3 1 1 1 8 8 5 5 6 3 3 1 1 1 
#Number of period : N=T
#Total reserve for all time periods Tt : 
60.0 70.0 85.0 95.0 100.0 110.0 115.0 120.0 130.0 140.0 145.0 150.0 140.0 130.0 120.0 105.0 100.0 110.0 120.0 140.0 130.0 110.0 85.0 70.0 60.0 70.0 85.0 95.0 100.0 110.0 115.0 120.0 130.0 140.0 145.0 150.0 140.0 130.0 120.0 105.0 100.0 110.0 120.0 140.0 130.0 110.0 85.0 70.0 
#Fast reserve for all time periods Ft : 
13.5 15.75 19.125 21.375 22.5 24.75 25.875 27.0 29.25 31.5 32.625 33.75 31.5 29.25 27.0 23.625 22.5 24.75 27.0 31.5 29.25 24.75 19.125 15.75 13.5 15.75 19.125 21.375 22.5 24.75 25.875 27.0 29.25 31.5 32.625 33.75 31.5 29.25 27.0 23.625 22.5 24.75 27.0 31.5 29.25 24.75 19.125 15.75 
#Susceptance Bls : 
#Line 0 in all scenarios
0.69 0.85 0.73 0.85 0.76 0.69 0.78 0.82 0.71 0.64 
#Line 1 in all scenarios
0.66 0.86 0.88 0.8 0.69 0.71 0.7 0.64 0.64 0.78 
#Line 2 in all scenarios
0.61 0.79 0.74 0.89 0.68 0.82 0.71 0.73 0.7 0.88 
#Line 3 in all scenarios
0.72 0.64 0.62 0.63 0.6 0.79 0.85 0.87 0.88 0.63 
#Line 4 in all scenarios
0.81 0.83 0.68 0.6 0.77 0.7 0.9 0.84 0.7 0.9 
#Line 5 in all scenarios
0.78 0.7 0.63 0.77 0.6 0.74 0.79 0.8 0.86 0.75 
#Line 6 in all scenarios
0.84 0.8 0.73 0.73 0.84 0.81 0.84 0.76 0.81 0.62 
#Line 7 in all scenarios
0.72 0.67 0.87 0.8 0.87 0.63 0.88 0.83 0.65 0.63 
#Line 8 in all scenarios
0.63 0.67 0.8 0.65 0.9 0.6 0.88 0.6 0.81 0.75 
#Line 9 in all scenarios
0.87 0.6 0.87 0.75 0.89 0.79 0.81 0.62 0.81 0.7 
#Line 10 in all scenarios
0.76 0.83 0.71 0.61 0.76 0.64 0.75 0.85 0.87 0.88 
#Line 11 in all scenarios
0.65 0.88 0.81 0.88 0.76 0.6 0.73 0.84 0.67 0.7 
#Line 12 in all scenarios
0.76 0.64 0.67 0.68 0.62 0.85 0.84 0.77 0.64 0.68 
#Line 13 in all scenarios
0.71 0.6 0.63 0.78 0.63 0.86 0.66 0.61 0.67 0.61 
#Line 14 in all scenarios
0.72 0.77 0.69 0.65 0.88 0.64 0.69 0.77 0.8 0.69 
#Line 15 in all scenarios
0.65 0.63 0.88 0.7 0.71 0.74 0.75 0.84 0.65 0.63 
#Line 16 in all scenarios
0.6 0.62 0.83 0.88 0.6 0.85 0.84 0.75 0.83 0.67 
#Line 17 in all scenarios
0.86 0.71 0.67 0.63 0.82 0.7 0.9 0.75 0.73 0.81 
#Line 18 in all scenarios
0.79 0.65 0.68 0.61 0.87 0.78 0.65 0.69 0.73 0.66 
#Line 19 in all scenarios
0.72 0.78 0.84 0.8 0.78 0.75 0.79 0.73 0.88 0.67 
#Line 20 in all scenarios
0.82 0.69 0.85 0.64 0.61 0.65 0.79 0.76 0.8 0.7 
#Maximum capacity of all lines TCl : 
667 667 667 667 667 667 667 667 667 667 667 667 667 667 667 667 667 667 667 667 667 
#Fast reserve limit of all generators FRg : 
250 250 80 80 25 20 25 10 10 10 250 250 80 80 25 20 25 10 10 10 
#No import groups ICj 
#No polarity gamma-jl 
