#Number of generators G :
20
#Gs :
1 2 3 4 5 7 8 9 10 12 13 16 17 18 19 
#Gf :
6 11 14 15 20 
#S :
10
#T :
96
#L :
27
#N :
9
#Gn (one line contains indices of generators at a node) :
#node 0
1 2 
#node 1
3 
#node 2
4 5 6 7 8 
#node 3
9 
#node 4
10 11 
#node 5
12 13 14 15 16 
#node 6
17 
#node 7
18 
#node 8
19 20 
#LIn (one line contains incoming lines at a node) :
#node 0
9-1 8-1 7-1 
#node 1
1-2 9-2 8-2 
#node 2
2-3 1-3 9-3 
#node 3
3-4 2-4 1-4 
#node 4
4-5 3-5 2-5 
#node 5
5-6 4-6 3-6 
#node 6
6-7 5-7 4-7 
#node 7
7-8 6-8 5-8 
#node 8
8-9 7-9 6-9 
#LOn (one line contains outgoing lines at a node) :
#node 0
1-2 1-3 1-4 
#node 1
2-3 2-4 2-5 
#node 2
3-4 3-5 3-6 
#node 3
4-5 4-6 4-7 
#node 4
5-6 5-7 5-8 
#node 5
6-7 6-8 6-9 
#node 6
7-8 7-9 7-1 
#node 7
8-9 8-1 8-2 
#node 8
9-1 9-2 9-3 
#No import group IG
#No lines in import groups IGj 
#Probability of each scenario ps : 
0.1 0.1 0.1 0.1 0.1 0.1 0.1 0.1 0.1 0.1 
#minimum load cost of generators Kg :
1000 970 700 680 450 370 480 660 665 670 1000 970 700 680 450 370 480 660 665 670 
#start-up of generators Sg :
4500 5000 550 560 900 170 260 30 30 30 4500 5000 550 560 900 170 260 30 30 30 
#marginal cost of generators Cg :
16.19 17.26 16.6 16.5 19.7 22.26 27.74 25.92 27.27 27.79 16.19 17.26 16.6 16.5 19.7 22.26 27.74 25.92 27.27 27.79 
#demand Dnst :
# at node 0
#    in scenario 0 for all time periods :
128 126 189 173 207 213 240 248 266 249 296 287 308 263 267 233 196 237 259 308 246 198 172 129 127 138 155 198 211 230 230 213 251 283 303 317 289 237 261 203 198 237 213 261 266 242 162 154 121 149 181 169 204 198 238 243 251 308 316 290 261 234 267 194 193 208 227 271 243 244 185 148 120 132 168 186 220 222 204 264 246 277 303 277 264 260 264 205 182 210 240 271 243 196 179 124 
#    in scenario 1 for all time periods :
112 143 153 194 178 220 250 232 266 277 300 290 311 286 229 203 211 198 248 296 289 215 187 145 133 128 159 207 222 240 243 232 234 286 316 317 283 246 216 203 182 208 256 261 280 210 185 143 132 124 176 186 213 244 222 219 289 286 274 320 274 234 232 205 182 208 256 283 237 242 181 142 132 142 185 182 216 225 215 259 286 261 319 307 302 277 221 194 182 242 264 252 274 222 185 142 
#    in scenario 2 for all time periods :
112 152 162 188 184 235 217 235 260 283 300 327 249 246 237 203 216 222 264 283 234 210 151 134 125 126 181 192 218 240 245 240 237 261 258 293 249 257 243 205 178 237 227 264 283 208 189 134 113 149 170 188 198 222 256 253 234 286 319 320 258 274 237 215 191 227 264 308 272 200 162 146 117 138 166 175 180 242 245 229 240 305 287 270 268 240 240 231 216 232 235 299 260 213 164 149 
#    in scenario 3 for all time periods :
107 145 181 182 184 200 225 216 257 305 322 273 299 274 243 210 180 244 248 311 257 244 161 135 123 126 187 201 180 227 217 235 277 308 300 307 305 280 213 205 218 237 259 283 240 237 153 156 119 140 178 177 213 235 204 253 254 286 261 267 308 246 261 226 216 203 253 283 274 218 170 137 125 134 185 182 207 222 230 232 266 255 300 287 271 266 213 229 213 225 229 277 272 237 174 148 
#    in scenario 4 for all time periods :
109 131 185 205 191 203 240 256 254 296 271 293 292 280 235 231 189 196 232 289 240 237 187 146 132 128 187 205 207 222 207 229 283 283 280 267 289 243 216 196 213 210 235 305 243 218 181 126 107 129 187 177 222 218 227 248 254 311 284 270 261 234 216 201 211 196 221 255 266 227 161 140 116 134 162 207 182 227 240 221 237 264 296 280 305 246 267 231 216 240 224 283 246 218 176 148 
#    in scenario 5 for all time periods :
111 154 181 207 198 232 222 227 251 258 280 313 264 251 213 231 184 230 227 280 240 196 181 128 117 126 174 194 180 230 204 264 237 292 309 307 296 269 253 191 180 235 256 302 248 203 172 148 115 148 172 179 178 200 217 216 263 289 287 327 252 263 251 210 182 203 251 249 274 203 162 148 119 156 172 182 207 213 225 261 231 274 319 327 280 277 235 219 220 227 232 289 240 240 151 132 
#    in scenario 6 for all time periods :
125 134 179 194 187 210 233 240 277 271 296 297 286 246 240 219 187 244 221 261 274 205 183 132 132 145 185 196 204 203 230 261 246 258 300 267 302 286 216 191 180 218 243 255 260 218 153 134 111 149 179 184 207 240 250 261 269 255 274 283 283 254 259 231 222 235 237 255 280 225 155 132 132 152 183 192 216 196 207 256 272 289 264 307 255 263 264 215 220 227 243 305 283 205 183 143 
#    in scenario 7 for all time periods :
124 124 176 194 222 210 217 232 257 277 271 273 305 283 221 210 189 210 219 292 286 240 170 126 132 154 189 190 198 227 253 248 269 286 306 287 305 260 216 210 180 240 267 268 269 230 183 149 133 128 172 192 193 230 245 219 248 289 290 290 255 263 240 201 216 225 264 305 243 222 172 140 131 137 189 171 198 215 250 216 246 271 267 283 302 237 235 205 209 196 243 299 272 210 181 128 
#    in scenario 8 for all time periods :
108 135 161 179 180 227 220 248 260 255 309 317 274 274 245 191 182 196 213 268 237 244 183 135 117 124 176 203 178 220 217 253 263 286 322 310 283 237 219 212 211 220 221 252 283 210 178 129 133 134 162 173 222 203 256 240 289 277 287 320 258 272 253 217 209 210 219 280 266 215 168 140 117 135 181 198 191 230 240 264 257 274 303 267 283 266 261 191 178 240 227 292 263 244 155 134 
#    in scenario 9 for all time periods :
121 142 170 173 196 237 233 253 286 308 303 290 289 237 243 187 213 210 261 255 243 237 162 138 107 152 176 203 182 203 215 235 263 280 313 307 292 251 235 222 182 215 264 271 266 198 153 154 128 154 168 211 211 244 250 219 246 308 296 283 296 289 261 210 189 244 232 274 266 203 183 126 121 134 162 186 184 244 210 229 251 268 284 293 299 272 256 219 207 196 232 268 240 232 164 154 
# at node 1
#    in scenario 0 for all time periods :
124 154 166 194 218 220 225 219 251 283 284 270 283 286 235 205 182 227 248 268 254 232 162 140 117 145 187 169 207 200 225 243 280 261 293 333 258 248 213 226 216 210 245 264 272 227 179 135 115 151 187 186 218 237 227 221 266 268 313 267 286 289 245 210 189 235 221 296 231 220 151 131 124 142 187 171 193 196 253 219 254 292 300 333 255 251 237 203 211 205 216 268 243 230 166 124 
#    in scenario 1 for all time periods :
115 126 166 179 189 222 207 216 248 277 303 267 261 272 259 203 178 222 221 274 246 222 172 148 119 142 178 177 207 222 222 256 254 277 280 293 252 234 261 231 204 230 240 268 251 225 170 151 112 145 181 175 193 196 243 251 277 249 287 297 249 237 261 201 218 210 227 289 246 208 166 156 128 132 174 175 220 208 225 237 286 274 280 313 308 254 227 231 178 242 256 252 286 244 174 126 
#    in scenario 2 for all time periods :
113 129 151 184 211 232 243 216 246 255 261 297 258 269 232 231 211 218 261 299 234 200 172 138 133 131 159 198 202 235 235 240 243 283 271 277 302 280 251 212 218 227 243 302 263 205 178 152 121 131 151 209 211 210 217 259 260 283 303 327 264 286 232 229 220 213 245 292 240 205 159 131 113 148 187 190 220 198 256 261 274 302 300 307 296 289 261 194 196 244 261 274 257 232 179 129 
#    in scenario 3 for all time periods :
109 146 159 209 187 225 227 251 234 280 296 323 255 257 253 203 200 222 253 296 231 240 157 135 124 149 185 192 178 218 227 253 243 283 296 333 286 274 229 189 211 220 264 274 286 235 164 145 111 134 176 190 222 208 222 237 246 308 277 283 255 286 251 194 216 203 259 249 277 240 181 135 129 137 176 201 191 203 215 219 231 277 280 277 311 260 216 191 178 230 213 261 231 210 179 134 
#    in scenario 4 for all time periods :
119 135 174 211 184 215 230 237 243 274 287 313 283 263 224 196 196 235 259 296 283 242 174 135 116 149 157 184 187 235 243 264 240 308 303 307 289 263 245 191 200 222 219 311 283 232 179 143 109 134 178 175 191 240 233 224 274 292 303 300 280 289 227 208 178 220 259 308 248 205 179 124 119 151 183 190 222 205 233 251 263 286 277 330 264 280 245 217 222 203 248 280 283 220 176 138 
#    in scenario 5 for all time periods :
121 128 189 196 211 237 240 256 272 292 309 313 261 231 256 210 202 218 240 280 260 200 181 151 115 151 151 203 222 213 253 235 274 249 296 280 271 234 251 187 191 203 219 302 246 232 181 151 131 154 151 201 202 215 233 256 280 302 271 320 286 260 213 219 204 203 256 302 289 198 153 149 127 131 187 182 211 210 256 243 277 305 284 307 249 289 259 224 207 230 240 311 260 208 164 151 
#    in scenario 6 for all time periods :
120 132 187 177 202 205 230 259 286 289 290 323 289 251 240 198 220 218 232 289 272 237 155 154 116 143 185 192 180 230 248 261 237 261 309 317 311 269 248 205 218 200 253 292 280 215 183 124 129 143 166 184 184 203 230 261 280 302 306 327 305 248 251 194 193 220 229 258 289 218 151 131 132 128 185 194 178 208 210 235 286 271 313 280 280 260 267 224 193 222 243 264 263 208 151 151 
#    in scenario 7 for all time periods :
113 137 176 192 220 205 235 216 283 255 287 277 296 243 267 229 200 242 261 280 274 222 166 129 123 137 183 188 180 237 248 261 277 286 309 297 308 266 216 219 202 215 227 302 272 244 162 152 107 145 179 184 180 200 256 216 280 277 261 270 292 237 245 194 202 242 256 271 246 203 168 140 116 124 178 209 182 225 240 243 231 264 274 283 249 266 267 196 180 242 227 268 254 230 170 134 
#    in scenario 8 for all time periods :
123 154 166 190 191 218 207 253 243 277 271 300 308 231 240 212 200 222 216 286 289 235 153 142 115 142 157 203 209 222 222 251 260 299 293 313 261 272 256 191 193 230 237 271 269 205 179 143 115 152 162 203 218 230 250 267 263 280 264 310 286 260 240 212 216 225 227 311 280 240 176 151 109 138 179 188 187 210 238 216 269 264 313 273 252 260 229 215 200 200 216 289 269 215 162 154 
#    in scenario 9 for all time periods :
120 149 179 190 187 208 233 264 289 296 316 267 255 289 261 233 200 230 264 268 289 205 157 146 111 143 153 171 218 203 238 229 254 249 319 267 264 286 237 210 204 240 253 261 269 196 155 138 121 152 159 177 189 222 248 256 266 249 284 330 261 231 259 217 218 215 213 296 289 210 179 134 117 126 172 198 196 242 240 264 266 280 274 273 261 289 264 203 218 198 235 311 243 220 166 126 
# at node 2
#    in scenario 0 for all time periods :
133 126 151 205 220 213 235 235 269 274 277 330 274 234 264 229 189 227 229 255 248 205 166 156 121 132 164 203 200 235 235 264 234 302 303 320 258 234 243 224 216 196 248 258 277 232 153 131 124 132 151 173 184 218 207 264 280 264 322 327 261 283 259 189 218 198 240 249 286 220 170 142 123 131 174 196 184 242 238 235 240 261 316 313 286 263 264 222 193 237 251 299 260 213 181 128 
#    in scenario 1 for all time periods :
121 152 170 175 218 210 220 237 234 261 316 323 308 289 227 187 202 235 240 302 231 196 153 149 109 151 159 179 204 218 240 232 234 296 322 307 271 246 245 229 198 198 227 311 260 208 166 134 113 154 179 207 200 200 253 216 266 258 287 283 271 277 267 198 209 198 219 258 237 218 155 138 119 129 179 188 222 200 253 259 234 274 264 297 252 234 219 194 218 232 237 292 269 232 170 146 
#    in scenario 2 for all time periods :
115 132 185 190 220 200 245 245 260 277 313 283 258 237 253 189 182 242 248 252 286 222 168 128 109 131 162 190 196 244 238 248 243 286 313 303 258 254 240 198 178 215 261 286 263 240 187 128 115 135 168 198 196 230 215 235 272 286 258 270 305 243 221 229 218 200 219 258 243 203 181 132 124 142 174 203 198 237 210 251 234 283 277 313 258 248 227 205 200 235 224 296 269 225 181 131 
#    in scenario 3 for all time periods :
125 148 157 179 222 215 240 245 260 255 313 297 286 251 267 233 182 218 224 249 286 232 162 134 108 138 155 184 196 213 250 221 286 283 313 287 252 237 240 226 189 196 256 261 246 220 189 151 120 135 155 169 193 237 245 216 243 252 300 293 277 240 261 226 200 213 232 302 260 198 168 137 124 131 164 171 193 208 245 235 231 292 267 303 271 234 243 222 211 235 264 268 246 230 151 132 
#    in scenario 4 for all time periods :
123 154 162 188 182 213 207 237 289 274 293 283 305 260 253 215 220 203 248 280 283 240 151 138 119 152 151 186 193 196 253 261 283 258 296 293 258 280 261 224 209 227 264 296 280 235 174 129 112 138 164 205 184 198 210 235 283 274 277 330 283 234 267 205 182 225 232 296 260 242 164 151 125 124 159 171 209 203 227 248 257 305 267 317 261 251 245 189 196 215 248 286 274 222 151 126 
#    in scenario 5 for all time periods :
133 126 187 190 209 230 233 256 257 271 267 297 264 274 213 233 200 235 253 289 289 222 174 146 115 154 155 182 178 218 207 259 257 283 313 270 258 231 232 194 207 227 251 274 286 200 189 128 107 129 181 203 200 215 204 267 246 261 316 297 249 283 264 219 184 235 251 296 257 215 159 124 107 149 174 201 220 240 243 219 237 264 296 303 308 237 235 194 200 198 253 299 234 200 178 145 
#    in scenario 6 for all time periods :
133 137 183 198 191 208 204 213 251 280 287 307 296 266 227 219 187 230 216 280 283 198 179 135 119 151 176 194 200 196 245 221 234 249 274 310 258 272 259 191 198 213 240 255 234 232 166 138 111 126 168 203 207 242 245 264 277 252 313 280 274 286 253 201 182 205 267 305 280 232 176 134 129 137 155 175 193 225 245 240 246 308 313 287 296 248 213 231 209 208 251 261 274 230 153 151 
#    in scenario 7 for all time periods :
117 128 185 173 180 198 204 224 257 249 258 327 255 269 264 224 202 218 245 271 266 200 168 134 133 156 172 196 189 227 248 219 266 274 316 327 277 243 245 203 189 232 229 274 237 198 168 152 107 148 166 201 189 220 235 240 283 305 293 303 289 231 248 217 222 205 253 255 248 200 172 135 117 129 185 173 200 196 217 253 283 268 313 300 264 243 261 191 200 240 259 261 234 205 162 145 
#    in scenario 8 for all time periods :
131 137 162 186 193 210 240 251 286 299 303 277 258 269 227 217 182 218 213 261 231 237 183 134 111 146 151 171 202 235 207 256 243 264 293 270 264 289 253 194 198 198 245 255 251 210 172 145 115 149 176 182 196 196 225 253 251 255 284 293 292 257 259 219 220 222 264 311 234 196 185 126 133 137 166 177 220 196 207 264 272 264 306 287 296 266 227 233 220 237 243 302 231 203 159 151 
#    in scenario 9 for all time periods :
113 145 164 201 187 220 248 224 254 277 309 323 264 283 224 212 211 198 227 252 263 203 185 129 116 143 151 177 207 242 240 221 248 274 303 317 252 260 261 229 213 218 259 268 269 200 170 154 120 156 189 211 182 198 235 213 286 258 300 327 280 231 245 231 220 203 256 280 274 196 189 149 109 129 166 173 198 205 243 261 231 249 290 277 280 240 227 229 184 242 253 261 248 235 162 131 
# at node 3
#    in scenario 0 for all time periods :
133 145 157 173 196 237 235 264 246 258 287 330 305 231 259 210 193 208 251 274 280 218 153 143 115 128 159 182 200 242 240 259 246 252 309 310 280 243 251 212 198 242 224 249 234 200 166 140 108 131 189 201 184 230 227 237 237 252 287 307 296 280 259 194 184 227 221 252 280 200 168 140 125 126 159 179 178 222 233 259 246 305 280 310 264 269 261 226 200 218 221 305 277 205 185 132 
#    in scenario 1 for all time periods :
129 143 168 196 184 196 225 213 254 271 271 290 289 246 243 210 191 227 256 268 234 220 161 149 128 156 183 175 184 240 256 261 248 311 303 287 311 286 216 224 200 215 227 302 237 232 178 134 131 151 174 177 196 230 233 227 234 311 293 287 258 251 235 205 211 215 248 255 254 213 159 151 124 148 179 186 198 237 215 261 289 286 300 323 289 280 224 191 218 208 240 271 269 210 166 140 
#    in scenario 2 for all time periods :
123 138 162 177 178 232 215 256 286 277 290 283 299 234 264 189 213 240 245 289 266 222 153 131 132 126 170 201 184 213 230 245 260 296 303 270 296 263 243 222 193 220 224 264 274 196 161 124 116 156 164 201 193 244 248 264 240 255 267 300 249 234 235 187 180 230 237 271 260 205 181 128 125 143 151 190 191 210 227 213 243 264 261 317 271 289 245 189 218 205 237 255 280 218 155 152 
#    in scenario 3 for all time periods :
107 134 157 211 180 240 253 267 246 311 300 267 308 263 267 222 182 225 237 280 277 220 153 140 112 135 161 205 187 240 227 213 266 264 313 320 271 260 240 233 216 225 224 283 260 225 162 152 117 152 168 179 198 203 253 240 240 296 316 273 258 286 219 222 189 225 256 264 266 235 151 146 123 129 179 192 184 218 240 253 283 274 287 303 255 243 232 229 211 237 243 264 251 240 170 145 
#    in scenario 4 for all time periods :
131 146 157 184 207 203 248 243 266 283 303 283 296 254 245 212 209 225 261 296 248 232 153 128 123 129 172 205 216 242 217 240 254 252 277 307 280 254 221 212 198 240 256 258 240 222 170 131 111 129 183 209 200 237 207 237 280 271 290 290 280 266 259 205 202 218 267 249 266 198 179 128 125 148 159 188 191 218 220 216 234 292 287 303 289 263 261 187 180 230 245 277 234 203 187 149 
#    in scenario 5 for all time periods :
121 124 172 211 216 242 256 229 266 277 296 323 280 277 229 194 178 215 251 271 260 237 153 134 111 129 151 175 213 213 210 245 266 249 303 267 280 243 267 191 198 205 259 283 266 230 185 154 133 149 159 173 207 208 243 245 277 271 258 307 252 240 245 219 218 240 219 308 243 222 189 128 123 152 176 179 220 244 253 232 286 299 309 293 283 277 229 196 189 227 224 280 286 232 176 152 
#    in scenario 6 for all time periods :
131 154 157 198 211 230 215 259 260 296 277 273 264 243 261 226 193 200 227 271 263 227 151 137 119 154 159 184 207 203 250 227 263 249 274 297 255 260 267 231 189 200 261 292 277 222 170 134 125 152 178 175 209 235 233 213 243 274 293 287 264 283 213 222 220 227 232 292 260 208 164 143 127 146 179 177 180 240 235 267 280 302 277 283 255 248 221 189 222 232 221 289 246 244 162 148 
#    in scenario 7 for all time periods :
115 156 155 169 198 210 204 251 263 296 280 317 258 266 224 191 184 210 224 268 240 230 183 128 128 129 183 184 187 196 225 259 274 311 290 307 292 280 251 189 216 200 253 308 269 215 164 143 107 126 166 196 204 210 233 219 240 258 271 273 311 240 227 194 182 242 267 261 234 242 189 137 117 132 151 179 187 240 204 248 274 308 313 277 268 231 248 215 220 210 259 299 263 208 159 148 
#    in scenario 8 for all time periods :
109 154 155 194 216 205 230 253 286 292 277 313 308 272 229 196 189 220 221 264 260 225 159 132 131 124 185 192 216 208 245 267 231 274 261 287 305 272 235 187 220 203 264 249 266 200 168 129 132 152 161 203 178 210 217 216 272 249 274 287 283 289 213 215 178 242 213 308 240 240 151 131 115 145 189 203 180 244 253 237 260 289 300 327 258 257 245 189 202 218 235 283 260 213 159 151 
#    in scenario 9 for all time periods :
111 129 159 205 187 205 217 253 280 299 313 280 268 234 259 191 193 203 219 296 237 227 159 152 107 149 166 198 204 242 222 213 269 249 267 297 271 251 251 203 196 213 229 299 248 240 183 151 116 149 174 194 196 232 253 251 251 249 319 277 283 277 216 219 191 235 245 271 251 220 170 152 128 128 168 196 222 203 250 229 257 286 319 300 264 266 243 205 191 225 235 296 283 227 151 140 
# at node 4
#    in scenario 0 for all time periods :
109 148 166 184 213 198 210 248 243 308 306 333 264 254 261 233 220 240 229 280 280 215 178 129 108 146 178 182 189 210 207 235 277 283 309 320 249 237 235 201 216 240 227 286 257 227 178 131 117 134 153 190 182 215 250 245 254 249 277 307 258 269 227 219 182 210 216 289 266 240 151 149 108 149 170 186 182 235 245 248 240 311 306 323 289 240 248 219 193 220 248 261 246 237 183 143 
#    in scenario 1 for all time periods :
119 156 187 209 220 240 215 219 251 268 313 273 302 231 264 196 204 222 240 277 257 203 174 142 108 151 172 182 193 237 225 227 286 280 271 303 277 237 251 212 196 240 235 261 243 232 168 132 111 151 157 198 184 222 250 256 274 305 267 280 289 240 256 219 193 203 256 255 263 227 161 148 112 137 178 198 200 213 222 216 283 308 284 283 261 234 248 187 187 244 256 277 263 235 166 151 
#    in scenario 2 for all time periods :
127 156 174 171 191 242 227 248 234 258 277 323 277 286 267 205 178 222 267 311 246 215 179 140 124 143 168 201 196 240 204 227 283 289 313 323 308 243 235 217 182 222 227 261 231 218 157 143 128 143 178 211 204 215 235 237 274 305 293 300 249 231 224 212 178 240 256 268 263 220 168 134 119 143 181 194 191 208 250 261 246 302 287 290 258 263 264 233 193 237 221 302 237 196 174 149 
#    in scenario 3 for all time periods :
128 138 153 205 200 237 238 251 237 305 258 290 302 289 219 210 184 213 235 255 254 208 155 152 116 142 157 196 191 203 212 219 274 264 258 313 289 231 237 187 196 222 219 308 280 242 151 149 108 128 174 209 220 198 230 213 231 252 280 313 283 286 227 201 198 213 264 280 269 205 181 137 128 143 185 190 189 208 253 243 289 261 267 280 274 246 253 226 222 232 261 292 266 210 166 126 
#    in scenario 4 for all time periods :
121 124 168 211 209 237 212 248 269 280 267 300 299 231 229 191 198 235 245 289 277 218 153 148 125 124 179 188 180 225 250 221 280 286 258 270 258 283 235 212 198 220 259 255 248 240 183 154 127 148 159 198 200 205 233 221 280 249 309 327 252 269 235 215 184 213 229 289 277 210 153 145 124 137 170 203 220 227 250 253 286 280 264 270 271 248 259 224 218 230 261 292 254 196 155 151 
#    in scenario 5 for all time periods :
125 149 179 169 178 205 222 227 269 280 258 313 271 237 256 208 202 230 259 261 286 235 159 131 117 140 176 207 184 200 235 221 263 277 258 333 311 243 253 222 207 210 251 289 277 240 183 126 119 156 151 186 211 237 222 248 272 299 274 283 299 286 251 203 198 198 256 286 240 232 164 124 132 148 176 201 187 205 210 237 289 305 287 290 311 240 240 226 204 208 224 280 243 198 164 132 
#    in scenario 6 for all time periods :
116 143 161 207 184 235 248 240 263 299 313 307 258 277 251 203 189 203 237 264 263 215 157 126 109 156 181 196 211 235 233 229 254 271 284 293 286 263 240 205 211 242 243 292 272 213 176 152 109 126 168 205 209 222 240 237 266 286 309 277 286 231 259 212 204 213 259 268 234 232 151 149 123 138 161 201 189 215 230 219 269 258 258 303 252 234 251 212 193 218 251 255 254 205 174 134 
#    in scenario 7 for all time periods :
125 129 178 203 178 203 204 245 280 268 271 290 271 286 235 231 213 208 256 258 277 205 162 146 108 135 181 179 202 215 212 248 266 277 300 313 302 257 216 187 211 200 253 280 272 203 164 134 129 134 153 201 198 220 248 216 272 283 322 277 258 274 245 222 218 200 235 283 243 235 181 145 109 124 189 192 222 203 248 213 266 274 261 320 302 237 267 201 189 222 253 308 257 215 157 126 
#    in scenario 8 for all time periods :
120 143 176 211 209 235 227 253 243 271 277 310 261 280 221 203 178 208 216 296 283 225 157 131 124 154 157 194 211 225 204 251 257 255 280 313 268 283 219 217 218 240 232 280 254 230 179 149 108 134 155 169 193 244 212 261 272 292 322 300 271 246 219 205 191 196 259 308 237 218 181 146 113 134 189 175 207 218 235 259 240 277 271 297 280 269 245 198 207 225 251 302 266 230 183 145 
#    in scenario 9 for all time periods :
115 142 159 188 220 232 220 267 274 280 296 293 296 234 232 226 184 196 221 271 251 242 151 146 131 148 187 188 189 213 238 251 283 296 290 277 292 269 248 189 200 222 219 311 266 222 189 146 119 124 161 171 193 222 220 224 240 277 296 273 296 274 237 210 220 222 267 249 277 230 157 131 115 137 185 201 193 227 235 261 272 286 316 323 311 246 259 233 204 235 251 289 260 222 151 138 
# at node 5
#    in scenario 0 for all time periods :
125 135 161 179 211 203 238 251 254 255 303 327 305 231 224 212 211 232 235 280 240 205 187 126 108 151 187 205 216 222 215 256 257 268 293 280 305 254 213 210 198 203 216 311 280 220 176 142 128 137 159 182 204 222 253 267 277 258 287 300 299 263 237 217 187 230 267 308 260 220 153 131 131 148 170 182 216 230 225 213 231 302 277 287 305 269 251 187 184 227 224 258 289 218 181 135 
#    in scenario 1 for all time periods :
108 142 185 196 204 198 220 227 277 292 322 273 305 246 216 201 218 222 253 308 283 225 164 140 121 135 151 177 187 203 240 216 254 302 287 280 292 269 240 203 218 237 229 308 257 213 164 131 111 148 161 207 193 232 253 245 263 308 309 300 302 277 213 215 180 244 213 283 257 244 181 135 123 134 178 175 222 215 243 259 260 252 280 320 274 257 229 222 184 218 253 274 280 244 159 135 
#    in scenario 2 for all time periods :
129 143 185 203 216 235 204 229 231 286 284 277 258 280 232 215 193 232 243 292 243 232 170 138 113 142 181 201 202 210 215 227 274 274 293 280 255 251 267 208 189 203 259 302 246 203 162 124 119 148 159 201 211 213 207 235 266 255 280 297 286 277 237 201 209 198 267 286 237 203 178 145 125 129 178 209 196 203 245 232 260 289 322 273 305 257 256 212 193 230 248 268 248 203 151 149 
#    in scenario 3 for all time periods :
133 137 183 196 218 196 230 237 283 264 293 330 274 269 259 203 211 203 219 296 277 225 161 154 119 156 178 196 207 220 240 240 254 274 296 290 280 248 245 198 196 218 261 261 257 232 164 152 120 128 168 169 213 227 245 253 272 255 264 283 261 237 240 226 187 203 224 289 237 240 162 149 115 148 185 175 189 227 227 264 260 255 267 333 261 237 240 231 200 205 267 286 240 210 187 140 
#    in scenario 4 for all time periods :
125 135 168 188 187 213 245 232 274 296 322 330 277 254 235 233 200 237 267 249 257 244 179 128 132 154 155 196 220 205 235 229 269 252 258 327 255 274 213 198 198 196 219 280 283 218 187 151 120 152 181 203 178 230 210 253 289 264 303 300 289 231 232 212 207 220 219 249 280 235 164 131 121 148 170 184 220 213 245 245 243 261 313 300 283 280 261 215 193 222 253 283 240 205 185 148 
#    in scenario 5 for all time periods :
108 151 155 171 213 213 256 267 248 292 277 310 261 286 264 226 178 242 251 261 243 225 157 129 116 131 183 179 202 208 207 251 283 258 267 303 277 286 219 198 193 196 219 280 266 218 189 151 116 138 179 209 189 220 222 240 269 299 264 273 299 231 235 210 182 196 259 261 269 205 161 152 128 129 183 188 193 232 217 267 251 302 306 280 292 251 261 231 178 225 245 302 269 220 164 124 
#    in scenario 6 for all time periods :
109 143 166 173 184 213 238 240 248 302 316 310 308 251 224 194 202 220 232 292 269 218 164 135 131 124 161 205 211 235 230 264 260 292 287 297 286 289 213 191 211 213 261 271 240 220 168 152 127 131 151 203 213 240 248 243 272 271 303 327 308 269 248 210 200 213 248 299 286 213 176 143 113 154 170 211 198 235 233 221 266 268 293 333 268 269 219 208 189 210 264 289 286 242 162 146 
#    in scenario 7 for all time periods :
127 128 157 203 200 222 235 243 257 264 277 293 271 277 216 215 200 198 213 299 237 235 168 143 116 128 189 194 180 240 227 224 246 274 290 293 286 269 256 212 211 196 219 305 240 200 172 152 125 138 168 205 202 232 253 267 234 258 296 333 296 274 248 191 207 196 224 299 251 230 185 149 132 137 166 211 218 213 207 259 280 289 287 307 280 240 227 217 191 244 221 271 283 215 172 148 
#    in scenario 8 for all time periods :
115 151 168 171 198 203 225 243 269 280 280 293 296 274 229 222 189 242 224 280 257 200 176 151 133 124 159 184 187 218 248 221 234 258 267 277 311 277 237 224 184 240 251 264 246 244 164 148 116 142 189 198 178 225 212 243 286 268 316 320 308 263 243 219 220 235 264 305 234 200 159 132 131 143 178 211 178 227 227 240 231 286 296 267 268 269 253 215 207 242 248 305 257 232 164 142 
#    in scenario 9 for all time periods :
107 128 164 207 207 227 248 261 269 258 274 327 249 251 245 191 220 205 227 261 263 218 172 138 112 131 170 177 209 232 225 227 280 299 261 277 299 280 221 187 200 205 243 299 266 230 164 142 129 128 176 179 218 218 204 256 243 271 267 277 308 280 243 189 200 196 219 283 277 242 157 131 120 132 181 205 220 220 217 227 263 277 313 307 286 269 240 203 189 230 232 252 231 220 166 134 
# at node 6
#    in scenario 0 for all time periods :
116 143 155 196 220 213 243 261 289 299 274 280 280 272 237 212 191 220 253 283 283 208 183 146 132 143 179 211 220 203 215 256 254 308 306 293 264 283 235 217 187 222 264 289 237 208 166 146 119 145 174 203 218 218 210 232 257 283 319 310 283 263 240 229 196 222 240 308 248 225 151 135 133 138 176 186 222 230 217 216 274 271 261 323 249 272 219 191 200 222 219 258 280 240 174 126 
#    in scenario 1 for all time periods :
123 151 187 179 187 218 215 237 231 286 313 323 292 246 267 222 207 222 248 302 234 210 183 156 115 151 172 188 207 220 230 264 243 296 267 283 271 286 237 229 191 198 267 283 240 215 166 135 108 129 172 179 180 237 250 256 266 311 303 283 249 248 259 210 187 244 235 308 254 218 189 154 115 137 153 196 200 244 230 219 274 299 274 287 286 248 221 226 222 205 253 255 280 218 176 138 
#    in scenario 2 for all time periods :
116 140 153 173 204 220 243 224 260 302 277 313 261 263 245 198 182 196 229 283 272 222 183 149 117 149 172 171 200 205 233 267 286 302 287 270 268 231 261 208 204 215 235 261 246 235 159 146 116 152 151 198 178 203 207 237 266 283 319 323 292 231 259 196 178 196 219 302 246 230 168 140 125 146 168 182 220 232 248 221 263 264 306 283 258 289 264 217 180 222 237 249 272 237 174 135 
#    in scenario 3 for all time periods :
123 146 162 201 198 220 248 235 234 258 306 310 277 272 264 224 178 210 213 255 257 235 181 137 117 152 176 205 198 196 217 235 243 252 296 277 289 234 253 196 211 196 229 255 277 208 157 129 124 124 161 188 196 215 233 240 231 311 319 320 308 272 219 224 198 205 243 289 237 222 183 142 133 124 174 171 182 242 238 213 248 280 267 297 286 286 232 224 213 210 229 283 272 242 164 152 
#    in scenario 4 for all time periods :
113 148 151 177 204 240 235 259 231 277 322 277 302 263 224 196 198 200 245 305 289 220 166 149 125 128 178 205 202 235 227 237 277 292 303 270 252 240 240 205 193 200 251 286 251 218 166 145 108 152 183 184 187 215 240 267 272 255 303 330 252 280 243 215 213 220 232 271 269 222 159 128 133 131 164 205 196 235 248 259 257 311 306 320 268 263 256 231 222 235 235 292 234 196 159 124 
#    in scenario 5 for all time periods :
133 149 168 209 187 225 222 213 277 264 280 273 261 243 253 196 204 227 221 308 283 196 157 128 109 124 176 192 202 235 230 256 269 280 319 273 280 234 224 231 200 205 264 296 254 208 178 138 125 152 174 201 193 208 230 221 266 308 293 313 249 240 251 224 178 210 253 292 283 240 168 154 117 145 159 198 211 240 233 259 257 302 316 317 292 246 259 201 191 244 221 302 240 222 153 149 
#    in scenario 6 for all time periods :
123 148 185 177 204 227 222 219 243 249 306 310 283 266 261 212 196 227 251 302 240 240 185 145 121 148 155 184 222 222 227 243 234 311 322 320 292 283 264 226 187 230 232 286 289 218 153 142 132 148 189 209 213 237 212 221 260 280 258 277 289 254 243 210 204 225 243 255 272 215 174 126 109 124 159 169 200 200 230 240 234 261 319 270 292 289 259 205 209 240 227 261 254 208 161 143 
#    in scenario 7 for all time periods :
112 126 166 192 218 232 220 251 251 299 274 267 255 263 224 215 216 198 264 292 240 220 185 134 117 148 161 190 220 196 215 227 231 252 316 273 302 254 264 226 193 225 261 292 237 222 179 129 127 149 155 175 209 230 245 264 251 305 309 300 252 254 221 201 180 203 264 252 289 213 179 138 121 143 162 211 187 244 250 253 274 311 261 270 252 289 224 215 220 218 219 261 248 230 155 149 
#    in scenario 8 for all time periods :
123 137 153 205 196 240 210 224 289 286 277 270 299 280 237 194 209 198 232 292 251 220 161 134 120 148 187 184 200 203 225 267 260 286 267 333 280 274 237 224 187 218 227 249 248 203 172 154 108 132 172 198 207 198 253 224 237 274 261 280 289 231 235 222 189 205 243 277 254 200 159 143 129 146 161 201 198 244 248 232 289 268 264 333 286 277 232 233 184 225 267 274 289 225 174 132 
#    in scenario 9 for all time periods :
129 143 183 196 178 198 250 267 248 252 306 320 292 280 219 215 182 230 253 286 277 227 162 137 117 140 179 201 189 215 212 248 269 271 319 333 258 272 240 222 180 198 256 305 257 244 170 151 123 132 187 182 218 232 220 240 283 255 267 307 308 269 216 215 198 244 251 286 274 205 151 126 131 138 178 175 202 198 225 219 277 255 296 330 252 266 248 231 200 244 227 264 243 213 155 124 
# at node 7
#    in scenario 0 for all time periods :
129 131 168 177 178 242 250 264 237 264 313 293 311 286 213 189 180 230 219 280 237 203 185 131 107 146 162 186 222 237 217 251 257 249 277 280 283 240 243 226 189 213 216 311 251 198 179 142 127 126 151 175 182 242 222 229 289 264 287 320 277 277 229 205 182 213 245 261 283 240 153 134 128 149 174 205 202 237 238 213 277 258 290 333 292 254 219 212 202 203 245 274 251 235 166 140 
#    in scenario 1 for all time periods :
120 143 187 194 187 203 240 259 274 280 293 300 274 286 240 212 193 220 227 280 277 208 151 128 123 142 187 211 207 196 212 237 263 296 274 333 277 280 259 229 222 225 261 261 289 210 170 154 123 149 178 173 209 220 204 235 234 283 293 277 271 263 221 222 200 196 261 311 283 208 159 154 113 140 174 209 191 235 248 264 260 280 271 333 268 283 221 208 204 203 216 296 280 230 161 146 
#    in scenario 2 for all time periods :
132 145 172 173 213 242 238 261 260 261 264 277 311 260 261 222 218 242 243 305 254 196 168 143 116 151 151 209 207 235 217 237 240 264 309 297 277 240 259 208 211 210 245 283 260 218 189 154 120 146 185 177 189 215 243 232 280 308 274 280 311 286 229 208 209 208 264 255 269 198 157 154 125 137 179 201 193 227 215 259 234 258 264 273 308 289 256 222 209 242 245 283 277 227 164 156 
#    in scenario 3 for all time periods :
133 135 178 188 178 232 235 224 289 308 287 327 302 272 224 210 218 205 229 258 254 227 168 134 127 140 153 190 196 203 233 235 243 252 271 320 283 289 245 217 213 203 253 261 274 200 185 156 124 151 155 173 216 235 212 256 254 249 277 277 252 272 256 208 189 242 232 292 237 218 151 154 132 154 185 207 187 196 256 259 269 311 322 300 280 272 261 233 189 210 227 308 246 237 164 148 
#    in scenario 4 for all time periods :
129 137 181 211 189 220 238 240 269 255 319 287 283 248 216 212 218 215 221 302 257 232 166 129 121 132 178 205 213 230 217 237 269 311 280 330 283 286 232 231 196 198 235 286 257 225 189 132 119 146 159 182 191 208 210 232 280 252 319 280 258 283 216 198 182 205 261 280 246 235 178 128 120 135 174 186 204 242 233 213 289 261 267 317 286 254 237 203 187 225 256 292 254 220 162 126 
#    in scenario 5 for all time periods :
121 138 187 203 209 196 235 227 283 280 303 300 286 254 213 189 184 222 256 271 248 208 168 132 131 131 179 196 196 227 222 259 274 296 309 270 296 248 256 217 191 237 227 268 237 198 161 151 127 135 178 192 178 220 220 216 234 280 264 330 277 257 240 219 222 242 224 311 266 220 166 151 111 145 183 184 202 213 215 213 231 274 287 313 296 266 224 203 182 205 229 252 283 242 153 126 
#    in scenario 6 for all time periods :
123 124 155 171 207 208 204 261 234 252 277 307 299 257 259 201 187 205 227 302 254 222 174 131 133 151 168 194 187 222 253 216 263 283 277 270 249 266 248 198 198 205 245 274 272 198 168 135 111 148 159 207 187 227 210 235 246 280 277 323 271 246 248 187 218 222 219 299 257 237 157 143 117 145 170 211 198 208 212 261 286 261 277 300 261 280 240 233 180 218 264 252 277 210 161 135 
#    in scenario 7 for all time periods :
109 154 168 171 187 225 245 240 254 249 309 333 268 263 240 226 207 222 235 302 243 222 159 137 109 135 174 186 184 222 207 229 283 308 267 267 296 280 261 215 213 205 224 311 263 210 181 131 125 129 185 190 187 225 210 224 243 289 277 287 277 257 261 189 182 230 227 292 237 200 170 129 113 140 176 207 218 205 212 251 289 308 287 290 258 280 237 205 222 203 232 264 272 235 181 129 
#    in scenario 8 for all time periods :
109 140 183 171 207 227 250 267 286 264 296 297 289 243 264 222 209 232 216 249 246 208 164 151 131 154 162 207 222 215 240 256 266 255 306 303 289 266 227 210 202 232 240 308 251 237 159 128 131 132 172 186 216 203 253 259 260 296 313 297 286 243 264 205 216 210 221 277 254 242 174 149 115 148 151 192 184 232 222 224 251 299 287 317 277 280 256 233 207 203 232 252 243 208 170 156 
#    in scenario 9 for all time periods :
111 145 185 175 191 244 215 240 283 308 284 297 255 246 259 226 213 208 251 311 269 198 185 154 133 135 164 198 200 205 220 248 257 252 271 310 274 286 243 208 182 230 261 305 277 222 187 145 117 140 176 194 213 198 220 245 246 268 277 280 280 246 232 212 204 203 221 280 234 196 179 156 108 124 162 171 193 225 215 216 269 292 322 317 299 237 267 222 196 237 224 289 231 200 181 135 
# at node 8
#    in scenario 0 for all time periods :
129 138 179 173 209 235 220 243 257 271 313 327 308 248 219 208 182 215 232 286 248 210 176 128 108 124 157 175 198 200 235 264 272 274 316 270 302 263 232 198 196 222 216 302 266 215 172 152 132 149 176 207 193 235 250 221 289 292 274 320 258 237 213 231 182 213 237 249 257 208 187 148 115 128 183 179 218 196 215 229 260 271 280 273 292 251 216 219 220 200 224 255 269 203 168 137 
#    in scenario 1 for all time periods :
116 154 181 203 213 210 220 245 237 261 271 307 286 257 261 222 182 235 219 283 286 215 159 142 120 148 183 205 184 198 222 227 251 299 306 303 268 289 253 191 187 225 240 274 260 227 161 124 128 134 172 184 211 218 253 243 246 280 264 300 252 286 256 233 220 218 235 292 234 203 157 142 115 140 189 194 222 213 240 229 289 289 284 330 252 272 235 203 200 230 224 258 272 200 153 129 
#    in scenario 2 for all time periods :
111 146 162 194 184 200 233 237 269 305 271 333 264 231 237 208 207 205 237 264 257 205 159 156 120 135 189 207 184 196 207 213 286 255 296 317 274 257 213 215 178 196 224 264 234 240 183 131 111 137 183 182 222 222 248 256 231 261 319 333 255 240 253 205 209 200 251 274 283 235 187 148 111 140 151 211 216 235 238 248 240 271 303 323 271 248 227 205 182 200 232 264 266 210 168 124 
#    in scenario 3 for all time periods :
120 140 166 177 218 222 240 237 251 308 287 290 274 240 261 208 211 205 235 252 248 240 166 146 111 142 157 211 213 237 227 248 283 299 309 273 274 257 224 210 216 225 232 292 248 225 176 143 117 145 157 175 213 242 217 261 260 274 290 300 283 257 267 224 218 230 213 289 269 200 179 146 107 148 155 209 211 225 207 240 234 292 290 293 261 269 264 215 182 232 240 311 240 196 189 129 
#    in scenario 4 for all time periods :
131 124 155 171 200 232 253 267 263 249 267 307 261 257 219 233 180 198 237 292 274 232 176 154 129 129 161 171 207 205 238 264 237 286 316 297 280 289 259 210 187 200 245 255 283 200 159 145 128 131 172 177 222 208 256 267 251 252 287 270 280 234 221 212 191 232 227 258 277 232 155 140 108 140 185 171 216 205 235 243 283 292 274 327 261 283 213 201 198 222 232 283 286 203 189 154 
#    in scenario 5 for all time periods :
129 138 168 177 182 242 250 261 237 283 287 300 268 289 235 187 216 230 219 286 277 208 166 140 119 126 183 209 211 198 220 240 237 292 271 313 271 231 259 210 207 222 213 249 274 200 153 142 128 149 187 203 191 210 212 232 269 308 287 310 268 246 261 233 222 222 227 268 251 227 159 156 107 134 168 203 193 235 243 240 240 249 264 270 292 237 251 222 191 232 259 261 277 244 185 129 
#    in scenario 6 for all time periods :
131 135 159 192 193 208 250 248 234 274 296 327 296 263 248 191 178 227 237 271 237 225 189 146 108 156 155 203 213 208 235 243 272 289 313 280 286 286 240 203 218 215 245 255 260 225 159 131 113 142 168 196 178 203 217 219 286 311 290 267 252 274 216 187 220 198 224 311 263 196 155 126 124 137 166 171 202 242 207 261 234 283 261 333 252 257 256 212 220 203 224 311 269 235 168 154 
#    in scenario 7 for all time periods :
133 143 155 184 200 220 233 243 289 283 264 310 299 266 251 233 204 240 216 283 286 235 168 129 129 140 178 177 209 200 245 229 272 289 267 330 261 231 216 196 202 208 256 258 263 242 187 131 109 140 181 182 187 196 230 240 246 283 306 297 311 254 264 212 187 213 245 283 274 242 164 129 120 156 178 177 207 235 215 240 243 308 290 307 277 248 243 217 200 240 229 264 286 220 155 135 
#    in scenario 8 for all time periods :
107 154 189 169 180 196 207 237 260 252 319 330 252 260 256 205 198 198 224 264 246 242 151 129 117 132 187 209 180 227 233 224 246 299 319 270 311 266 221 233 182 240 224 286 234 210 176 140 121 128 166 203 187 196 253 264 254 311 287 310 249 231 248 198 189 225 229 283 246 222 187 132 111 132 179 186 218 232 248 219 240 286 280 267 277 231 243 215 193 198 224 311 283 198 166 140 
#    in scenario 9 for all time periods :
109 145 179 177 182 225 204 243 257 268 277 293 296 283 237 210 202 198 221 296 237 196 162 142 107 151 159 194 184 240 235 240 246 280 306 280 271 289 259 201 182 244 243 289 231 227 176 148 127 137 166 203 191 240 204 219 260 271 264 303 274 280 245 208 196 225 227 302 272 227 185 154 127 145 181 201 184 230 227 251 257 286 258 300 261 254 227 210 209 203 227 286 269 215 166 152 
#Maximum capacity P+gs :
# generator 0 for all scenarios
537 423 446 369 501 532 514 437 491 528 
# generator 1 for all scenarios
441 501 437 414 491 491 423 519 505 532 
# generator 2 for all scenarios
138 120 124 121 139 146 121 138 152 109 
# generator 3 for all scenarios
151 142 124 108 135 109 104 124 147 155 
# generator 4 for all scenarios
139 156 168 168 152 134 178 172 152 143 
# generator 5 for all scenarios
68 96 77 91 82 92 76 83 66 67 
# generator 6 for all scenarios
90 91 93 74 81 95 70 100 83 100 
# generator 7 for all scenarios
45 63 61 46 49 58 50 57 58 58 
# generator 8 for all scenarios
62 61 65 44 56 54 62 57 48 53 
# generator 9 for all scenarios
48 44 53 50 47 52 62 45 47 64 
# generator 10 for all scenarios
391 446 519 469 501 369 482 532 391 428 
# generator 11 for all scenarios
469 528 437 378 446 405 391 532 382 514 
# generator 12 for all scenarios
121 143 107 120 148 135 110 147 151 139 
# generator 13 for all scenarios
142 151 146 152 138 122 129 156 126 136 
# generator 14 for all scenarios
156 130 175 185 130 143 175 156 172 157 
# generator 15 for all scenarios
79 76 68 89 85 76 74 92 85 66 
# generator 16 for all scenarios
91 74 91 91 95 97 90 100 74 75 
# generator 17 for all scenarios
51 48 58 50 56 54 57 52 57 62 
# generator 18 for all scenarios
61 47 60 61 46 61 59 44 50 50 
# generator 19 for all scenarios
50 58 46 65 48 59 59 63 54 64 
#Minimum capacity P-gs:
# generator 0 for all scenarios
130 153 180 142 156 180 158 153 129 132 
# generator 1 for all scenarios
167 130 152 178 167 136 132 136 138 148 
# generator 2 for all scenarios
21 20 20 18 21 20 21 24 17 18 
# generator 3 for all scenarios
16 16 22 20 23 18 17 22 17 20 
# generator 4 for all scenarios
27 25 21 28 24 23 30 24 26 28 
# generator 5 for all scenarios
19 21 18 18 21 23 24 18 19 18 
# generator 6 for all scenarios
24 24 25 30 20 22 20 27 29 24 
# generator 7 for all scenarios
10 9 10 8 11 11 10 9 9 12 
# generator 8 for all scenarios
8 11 9 9 11 9 9 9 8 12 
# generator 9 for all scenarios
9 11 8 10 12 10 12 11 9 11 
# generator 10 for all scenarios
167 136 148 148 160 140 132 136 171 144 
# generator 11 for all scenarios
148 169 172 138 160 136 141 135 177 176 
# generator 12 for all scenarios
20 22 17 24 22 23 21 18 21 18 
# generator 13 for all scenarios
21 22 16 16 18 23 19 17 24 20 
# generator 14 for all scenarios
24 24 26 26 20 24 21 23 29 29 
# generator 15 for all scenarios
19 18 20 22 24 20 18 19 21 18 
# generator 16 for all scenarios
22 21 22 28 28 24 23 27 25 21 
# generator 17 for all scenarios
9 10 10 10 12 11 8 10 8 11 
# generator 18 for all scenarios
8 9 9 8 8 12 9 12 8 12 
# generator 19 for all scenarios
9 12 10 10 8 9 10 8 12 9 
#Maximum ramping for all generators R+g :
250 250 80 80 25 20 25 10 10 10 250 250 80 80 25 20 25 10 10 10 
#Minimum ramping for all generators R-g :
150 150 20 20 25 20 25 10 10 10 150 150 20 20 25 20 25 10 10 10 
#Minimum up time for all generators UTg :
8 8 5 5 6 3 3 1 1 1 8 8 5 5 6 3 3 1 1 1 
#Minimum down time for all generators DTg :
8 8 5 5 6 3 3 1 1 1 8 8 5 5 6 3 3 1 1 1 
#Number of period : N=T
#Total reserve for all time periods Tt : 
60.0 70.0 85.0 95.0 100.0 110.0 115.0 120.0 130.0 140.0 145.0 150.0 140.0 130.0 120.0 105.0 100.0 110.0 120.0 140.0 130.0 110.0 85.0 70.0 60.0 70.0 85.0 95.0 100.0 110.0 115.0 120.0 130.0 140.0 145.0 150.0 140.0 130.0 120.0 105.0 100.0 110.0 120.0 140.0 130.0 110.0 85.0 70.0 60.0 70.0 85.0 95.0 100.0 110.0 115.0 120.0 130.0 140.0 145.0 150.0 140.0 130.0 120.0 105.0 100.0 110.0 120.0 140.0 130.0 110.0 85.0 70.0 60.0 70.0 85.0 95.0 100.0 110.0 115.0 120.0 130.0 140.0 145.0 150.0 140.0 130.0 120.0 105.0 100.0 110.0 120.0 140.0 130.0 110.0 85.0 70.0 
#Fast reserve for all time periods Ft : 
7.5 8.75 10.625 11.875 12.5 13.75 14.375 15.0 16.25 17.5 18.125 18.75 17.5 16.25 15.0 13.125 12.5 13.75 15.0 17.5 16.25 13.75 10.625 8.75 7.5 8.75 10.625 11.875 12.5 13.75 14.375 15.0 16.25 17.5 18.125 18.75 17.5 16.25 15.0 13.125 12.5 13.75 15.0 17.5 16.25 13.75 10.625 8.75 7.5 8.75 10.625 11.875 12.5 13.75 14.375 15.0 16.25 17.5 18.125 18.75 17.5 16.25 15.0 13.125 12.5 13.75 15.0 17.5 16.25 13.75 10.625 8.75 7.5 8.75 10.625 11.875 12.5 13.75 14.375 15.0 16.25 17.5 18.125 18.75 17.5 16.25 15.0 13.125 12.5 13.75 15.0 17.5 16.25 13.75 10.625 8.75 
#Susceptance Bls : 
#Line 0 in all scenarios
0.6 0.8 0.88 0.87 0.82 0.67 0.73 0.7 0.68 0.84 
#Line 1 in all scenarios
0.87 0.77 0.64 0.66 0.75 0.88 0.73 0.66 0.75 0.76 
#Line 2 in all scenarios
0.66 0.62 0.62 0.89 0.79 0.73 0.9 0.66 0.72 0.85 
#Line 3 in all scenarios
0.71 0.67 0.68 0.75 0.75 0.68 0.62 0.66 0.71 0.68 
#Line 4 in all scenarios
0.62 0.66 0.67 0.84 0.71 0.74 0.79 0.64 0.78 0.79 
#Line 5 in all scenarios
0.84 0.67 0.66 0.71 0.89 0.89 0.64 0.72 0.8 0.68 
#Line 6 in all scenarios
0.9 0.87 0.63 0.84 0.78 0.75 0.66 0.67 0.68 0.79 
#Line 7 in all scenarios
0.63 0.76 0.82 0.64 0.7 0.87 0.68 0.68 0.65 0.88 
#Line 8 in all scenarios
0.69 0.82 0.82 0.77 0.66 0.71 0.61 0.82 0.62 0.81 
#Line 9 in all scenarios
0.62 0.72 0.8 0.78 0.63 0.82 0.76 0.81 0.71 0.85 
#Line 10 in all scenarios
0.81 0.63 0.68 0.64 0.64 0.89 0.86 0.75 0.77 0.67 
#Line 11 in all scenarios
0.88 0.69 0.75 0.73 0.89 0.7 0.66 0.79 0.84 0.83 
#Line 12 in all scenarios
0.64 0.88 0.87 0.62 0.63 0.65 0.63 0.72 0.6 0.78 
#Line 13 in all scenarios
0.71 0.84 0.9 0.85 0.7 0.76 0.73 0.79 0.66 0.86 
#Line 14 in all scenarios
0.78 0.89 0.71 0.6 0.81 0.72 0.83 0.78 0.88 0.89 
#Line 15 in all scenarios
0.84 0.69 0.71 0.76 0.68 0.8 0.65 0.71 0.83 0.89 
#Line 16 in all scenarios
0.69 0.6 0.71 0.87 0.77 0.83 0.62 0.61 0.9 0.81 
#Line 17 in all scenarios
0.61 0.73 0.82 0.79 0.84 0.72 0.82 0.87 0.82 0.82 
#Line 18 in all scenarios
0.72 0.81 0.9 0.6 0.7 0.9 0.82 0.84 0.67 0.75 
#Line 19 in all scenarios
0.77 0.69 0.67 0.76 0.68 0.83 0.82 0.69 0.62 0.8 
#Line 20 in all scenarios
0.85 0.81 0.83 0.75 0.89 0.81 0.74 0.63 0.65 0.7 
#Line 21 in all scenarios
0.78 0.77 0.63 0.6 0.61 0.61 0.68 0.75 0.82 0.61 
#Line 22 in all scenarios
0.62 0.66 0.69 0.84 0.79 0.6 0.8 0.9 0.85 0.86 
#Line 23 in all scenarios
0.87 0.71 0.61 0.62 0.82 0.74 0.73 0.64 0.73 0.9 
#Line 24 in all scenarios
0.81 0.83 0.9 0.89 0.7 0.61 0.72 0.83 0.73 0.85 
#Line 25 in all scenarios
0.7 0.63 0.71 0.74 0.63 0.77 0.79 0.64 0.79 0.71 
#Line 26 in all scenarios
0.7 0.64 0.72 0.69 0.88 0.85 0.82 0.79 0.83 0.82 
#Maximum capacity of all lines TCl : 
667 667 667 667 667 667 667 667 667 667 667 667 667 667 667 667 667 667 667 667 667 667 667 667 667 667 667 
#Fast reserve limit of all generators FRg : 
250 250 80 80 25 20 25 10 10 10 250 250 80 80 25 20 25 10 10 10 
#No import groups ICj 
#No polarity gamma-jl 
