#Number of generators G :
20
#Gs :
3 5 7 9 14 15 16 17 
#Gf :
1 2 4 6 8 10 11 12 13 18 19 20 
#S :
10
#T :
48
#L :
21
#N :
7
#Gn (one line contains indices of generators at a node) :
#node 0
1 2 3 4 
#node 1
5 6 7 8 
#node 2
9 
#node 3
10 11 12 
#node 4
13 14 15 16 
#node 5
17 18 
#node 6
19 20 
#LIn (one line contains incoming lines at a node) :
#node 0
7-1 6-1 5-1 
#node 1
1-2 7-2 6-2 
#node 2
2-3 1-3 7-3 
#node 3
3-4 2-4 1-4 
#node 4
4-5 3-5 2-5 
#node 5
5-6 4-6 3-6 
#node 6
6-7 5-7 4-7 
#LOn (one line contains outgoing lines at a node) :
#node 0
1-2 1-3 1-4 
#node 1
2-3 2-4 2-5 
#node 2
3-4 3-5 3-6 
#node 3
4-5 4-6 4-7 
#node 4
5-6 5-7 5-1 
#node 5
6-7 6-1 6-2 
#node 6
7-1 7-2 7-3 
#No import group IG
#No lines in import groups IGj 
#Probability of each scenario ps : 
0.1 0.1 0.1 0.1 0.1 0.1 0.1 0.1 0.1 0.1 
#minimum load cost of generators Kg :
1000 970 700 680 450 370 480 660 665 670 1000 970 700 680 450 370 480 660 665 670 
#start-up of generators Sg :
4500 5000 550 560 900 170 260 30 30 30 4500 5000 550 560 900 170 260 30 30 30 
#marginal cost of generators Cg :
16.19 17.26 16.6 16.5 19.7 22.26 27.74 25.92 27.27 27.79 16.19 17.26 16.6 16.5 19.7 22.26 27.74 25.92 27.27 27.79 
#demand Dnst :
# at node 0
#    in scenario 0 for all time periods :
141 172 238 247 274 295 329 319 334 388 373 381 356 349 274 270 231 280 291 320 297 264 202 192 171 190 221 239 257 292 289 291 345 380 369 416 364 331 309 300 234 251 315 360 357 270 243 182 
#    in scenario 1 for all time periods :
163 162 223 261 240 280 279 305 360 376 365 407 328 345 274 288 246 295 298 332 349 289 211 176 146 192 202 228 271 267 292 278 345 376 394 399 324 305 295 261 251 264 298 400 371 280 240 198 
#    in scenario 2 for all time periods :
144 188 199 252 251 308 279 329 334 320 352 373 336 364 281 264 269 261 302 384 345 299 204 178 168 178 194 231 271 299 273 333 357 368 398 343 352 371 315 243 251 280 329 336 360 267 238 176 
#    in scenario 3 for all time periods :
147 194 236 217 263 277 289 315 357 392 365 386 360 305 315 297 286 273 343 372 319 261 219 190 159 198 240 252 249 280 266 309 305 376 369 351 376 364 309 291 254 302 315 392 319 273 202 200 
#    in scenario 4 for all time periods :
142 170 206 252 246 273 325 281 338 340 340 381 364 312 322 300 266 261 339 352 308 264 243 180 168 162 231 261 246 302 312 309 345 360 385 411 348 319 309 267 249 314 343 392 323 302 226 188 
#    in scenario 5 for all time periods :
147 194 204 252 254 286 292 298 360 332 389 407 364 353 326 291 243 311 278 368 319 261 197 182 159 164 197 244 260 292 263 288 308 356 331 394 360 349 278 258 237 311 285 332 371 258 236 160 
#    in scenario 6 for all time periods :
165 168 226 236 254 261 299 322 364 348 336 424 400 323 339 294 243 299 302 392 316 308 214 168 144 172 216 228 243 308 263 298 345 332 344 424 336 331 322 282 277 251 343 360 327 305 214 184 
#    in scenario 7 for all time periods :
168 198 223 269 231 267 279 302 301 384 336 347 324 364 322 261 274 251 329 380 364 289 204 162 149 160 197 239 257 295 279 309 338 328 398 394 400 301 291 255 274 299 322 372 305 311 214 198 
#    in scenario 8 for all time periods :
159 198 223 236 237 264 312 298 305 360 373 356 340 342 329 255 229 270 309 332 338 286 233 176 147 170 209 231 237 299 309 343 364 400 365 424 344 371 298 285 277 289 343 384 342 261 211 180 
#    in scenario 9 for all time periods :
161 180 209 242 263 289 289 336 342 376 331 429 380 301 302 273 269 314 312 372 301 283 233 162 163 172 233 266 266 251 292 291 360 360 336 399 396 371 326 297 274 280 298 320 312 251 197 166 
# at node 1
#    in scenario 0 for all time periods :
158 184 219 239 231 302 263 326 316 364 402 407 348 371 288 279 251 280 288 324 305 264 236 180 158 168 206 244 277 311 306 326 338 336 389 360 356 312 278 252 280 292 274 344 342 295 199 178 
#    in scenario 1 for all time periods :
141 176 238 247 283 305 273 295 327 356 381 377 380 323 333 273 229 261 339 336 357 258 233 168 141 164 216 250 234 258 322 285 368 400 381 407 344 360 278 270 231 314 333 364 345 258 231 168 
#    in scenario 2 for all time periods :
137 168 211 247 280 270 315 285 331 352 373 429 368 316 309 288 277 280 295 396 316 267 211 170 170 180 202 258 263 261 279 298 316 360 365 390 336 349 291 258 249 289 302 320 319 305 219 166 
#    in scenario 3 for all time periods :
142 174 223 269 249 314 319 291 345 320 352 373 384 312 315 291 234 283 274 356 353 277 236 178 168 198 221 231 234 258 306 285 297 320 394 420 376 360 309 270 229 273 329 340 316 292 209 188 
#    in scenario 4 for all time periods :
170 176 216 263 251 255 289 285 334 392 385 416 328 353 298 288 257 292 312 376 368 255 216 190 142 162 243 239 246 277 276 298 357 368 352 360 380 368 339 285 254 286 285 380 312 255 240 192 
#    in scenario 5 for all time periods :
171 176 216 217 237 261 302 288 338 392 336 416 320 338 274 270 243 311 278 332 308 270 194 170 154 168 216 217 234 261 279 309 371 344 356 394 384 331 343 267 249 273 322 320 342 264 214 182 
#    in scenario 6 for all time periods :
165 192 226 239 271 280 283 278 316 348 360 369 324 301 302 270 229 286 336 388 368 267 236 190 156 170 228 225 243 308 263 322 368 372 394 390 324 312 298 276 283 255 291 332 342 283 216 168 
#    in scenario 7 for all time periods :
144 162 202 239 286 302 289 315 371 332 398 394 392 331 309 264 269 295 329 340 327 251 228 194 170 194 214 269 263 299 296 278 349 384 336 420 384 305 274 282 249 273 343 364 368 299 236 174 
#    in scenario 8 for all time periods :
154 178 221 231 277 283 315 329 338 348 402 360 328 331 343 282 249 314 278 344 364 261 202 170 144 198 211 233 271 314 292 326 312 332 398 356 352 338 322 288 246 308 295 360 308 280 233 184 
#    in scenario 9 for all time periods :
165 200 236 258 260 311 273 291 312 384 373 360 352 323 329 261 229 280 288 348 368 280 233 170 141 168 202 258 251 299 279 329 312 352 348 373 356 353 298 267 246 305 329 380 334 267 197 178 
# at node 2
#    in scenario 0 for all time periods :
171 186 226 242 237 280 325 319 331 400 336 429 332 316 288 252 271 267 336 344 301 280 211 164 137 162 197 236 229 277 322 278 360 324 369 407 356 334 309 252 260 295 295 352 342 251 219 174 
#    in scenario 1 for all time periods :
156 176 231 228 286 302 315 302 368 344 331 373 392 364 285 297 269 280 298 392 297 264 243 178 161 194 223 271 254 286 329 288 331 388 389 369 332 349 278 294 283 283 291 356 316 277 209 194 
#    in scenario 2 for all time periods :
171 166 238 258 246 264 283 274 349 320 352 347 392 353 298 297 274 283 312 320 331 289 194 176 163 192 240 266 234 267 309 309 305 356 394 373 324 349 333 294 240 289 343 344 319 264 226 174 
#    in scenario 3 for all time periods :
154 200 211 247 286 255 322 339 319 340 340 424 400 345 285 273 234 305 274 356 338 308 233 194 137 200 199 231 280 292 322 285 308 324 348 373 364 305 333 300 260 280 274 344 305 295 204 168 
#    in scenario 4 for all time periods :
149 160 216 233 249 302 286 285 338 368 340 377 344 353 295 297 263 302 274 320 357 267 233 174 161 160 202 266 251 273 276 336 357 340 352 416 340 353 329 255 234 283 339 376 305 267 199 162 
#    in scenario 5 for all time periods :
159 180 202 255 271 267 325 336 364 340 406 343 356 360 291 246 286 267 333 380 316 261 231 160 142 192 209 223 286 305 283 315 297 368 356 416 356 357 322 249 243 311 312 396 342 295 226 172 
#    in scenario 6 for all time periods :
141 194 202 233 246 251 276 298 331 332 356 429 364 316 291 273 254 277 315 384 297 314 199 196 158 172 221 233 266 308 309 343 364 376 336 360 360 338 295 297 277 255 285 324 353 280 240 184 
#    in scenario 7 for all time periods :
139 196 231 250 243 299 296 285 357 328 381 429 352 331 302 288 286 264 302 320 368 273 202 168 159 186 231 236 266 308 329 295 319 356 344 377 380 319 333 240 234 299 278 376 319 283 204 168 
#    in scenario 8 for all time periods :
146 178 209 250 234 311 283 281 364 384 385 390 400 308 298 273 240 273 339 348 331 299 231 198 156 192 243 217 269 311 286 326 334 328 414 394 380 371 302 249 280 314 322 320 305 277 204 196 
#    in scenario 9 for all time periods :
141 176 243 269 274 314 319 281 368 332 385 407 360 371 285 240 257 302 322 380 308 286 223 164 168 160 226 269 269 314 325 302 349 332 406 390 344 342 278 243 274 264 315 396 349 305 211 196 
# at node 3
#    in scenario 0 for all time periods :
153 172 233 266 240 292 286 312 319 340 373 360 380 334 326 252 234 305 281 372 334 289 236 162 147 180 238 252 246 295 315 298 319 352 402 343 392 331 285 297 266 255 322 360 308 273 202 186 
#    in scenario 1 for all time periods :
159 176 228 250 240 311 325 305 338 344 406 420 336 305 278 264 234 289 298 388 305 314 233 166 159 176 204 263 231 251 329 339 316 376 406 394 352 338 281 276 257 267 309 364 301 314 233 166 
#    in scenario 2 for all time periods :
142 200 238 236 246 251 286 319 316 332 402 394 384 297 329 300 240 311 339 388 334 258 211 180 156 182 206 239 280 311 279 281 305 364 373 416 336 360 305 291 260 277 326 364 319 299 194 182 
#    in scenario 3 for all time periods :
142 184 243 258 231 261 276 281 342 340 348 373 352 353 339 246 277 273 274 380 371 314 221 176 159 188 221 242 243 314 289 343 371 328 348 429 344 371 305 258 266 261 285 356 316 286 214 192 
#    in scenario 4 for all time periods :
151 192 219 217 231 251 296 329 297 332 356 429 396 301 343 288 280 308 309 336 364 261 204 190 154 190 236 233 260 295 302 281 338 336 360 343 344 316 305 258 266 270 281 372 338 255 197 194 
#    in scenario 5 for all time periods :
144 198 240 247 257 289 292 291 342 348 360 399 328 319 288 288 277 283 295 364 368 251 197 196 146 198 197 228 243 277 276 339 371 352 414 416 332 338 291 270 234 305 278 360 297 292 236 198 
#    in scenario 6 for all time periods :
146 178 214 266 263 258 263 274 334 320 356 364 336 349 288 276 271 295 291 324 305 273 236 160 147 188 226 233 249 286 306 322 331 384 352 424 356 364 295 267 243 292 315 376 342 280 219 170 
#    in scenario 7 for all time periods :
156 198 204 217 263 305 286 274 371 344 336 377 392 349 343 288 243 286 288 388 316 264 243 192 154 174 219 220 231 295 325 333 349 360 365 420 368 368 336 258 283 267 281 376 342 308 233 194 
#    in scenario 8 for all time periods :
165 188 204 250 266 273 302 285 297 344 406 403 360 305 333 297 263 299 302 376 338 283 219 178 168 190 197 228 251 258 273 319 368 340 381 364 400 312 336 270 234 314 305 356 305 273 243 166 
#    in scenario 9 for all time periods :
159 174 231 250 266 308 283 329 334 364 410 386 336 316 295 285 240 289 343 392 319 264 243 192 171 162 214 239 269 280 263 274 349 332 398 420 364 297 302 249 234 286 326 324 331 314 209 170 
# at node 4
#    in scenario 0 for all time periods :
141 196 211 263 263 311 283 339 371 384 414 411 376 360 285 246 269 311 298 392 327 283 243 170 153 164 243 233 249 308 325 281 368 336 340 343 400 305 322 273 280 292 343 360 305 314 202 168 
#    in scenario 1 for all time periods :
156 188 211 239 257 280 302 298 308 328 344 403 364 371 319 279 234 302 333 332 334 286 226 160 146 196 238 242 280 251 283 295 327 380 336 403 380 331 329 285 249 305 326 336 342 289 214 160 
#    in scenario 2 for all time periods :
147 166 243 225 286 314 283 298 323 400 331 386 384 297 278 243 240 255 309 360 338 314 221 198 154 174 243 250 243 261 286 274 323 384 365 403 400 349 315 294 280 292 291 352 371 283 194 172 
#    in scenario 3 for all time periods :
144 184 197 223 246 258 276 274 371 344 377 369 368 305 333 285 271 277 291 392 319 280 206 178 170 160 199 231 231 251 315 278 342 352 344 360 388 345 343 270 260 295 312 360 360 295 206 166 
#    in scenario 4 for all time periods :
171 194 233 233 249 302 319 322 364 368 377 373 392 342 278 294 231 270 274 332 305 289 214 166 166 166 223 242 257 277 299 322 371 352 369 377 360 345 326 282 266 295 298 360 338 302 211 186 
#    in scenario 5 for all time periods :
168 192 243 223 254 270 276 312 305 356 369 377 320 349 319 288 277 292 305 364 364 308 209 164 161 186 211 220 243 264 309 305 371 380 406 356 344 368 326 258 263 289 336 364 368 295 221 192 
#    in scenario 6 for all time periods :
168 196 238 271 266 267 299 315 357 324 402 347 344 319 322 300 271 277 274 332 327 258 240 186 137 194 197 233 229 277 263 305 345 372 402 424 396 349 343 240 257 292 298 336 327 280 228 176 
#    in scenario 7 for all time periods :
166 162 219 228 274 292 315 343 338 372 394 356 364 305 319 246 240 270 309 340 371 264 228 166 146 186 216 231 251 258 306 285 308 368 414 411 376 368 315 264 229 280 295 324 338 299 211 176 
#    in scenario 8 for all time periods :
170 178 238 247 240 308 266 291 297 336 414 429 344 319 305 297 240 286 336 384 312 277 202 172 153 180 206 233 254 289 306 319 360 380 410 377 320 316 305 246 251 258 312 336 338 292 236 166 
#    in scenario 9 for all time periods :
149 166 194 225 237 261 263 288 357 344 340 429 376 327 319 288 263 289 274 364 305 267 231 180 139 196 197 269 231 308 289 278 331 352 369 390 368 316 319 279 251 270 309 340 327 277 214 192 
# at node 5
#    in scenario 0 for all time periods :
165 164 236 231 271 264 283 319 301 356 389 347 356 331 329 258 243 280 322 384 334 292 231 190 156 166 216 233 231 305 269 329 364 400 336 386 396 349 281 267 243 258 322 352 360 258 236 160 
#    in scenario 1 for all time periods :
156 174 204 271 266 264 273 339 368 400 331 360 372 319 343 288 260 270 281 364 338 280 197 162 159 182 209 261 234 261 273 281 312 348 394 360 340 323 291 300 277 299 322 396 312 270 194 180 
#    in scenario 2 for all time periods :
153 188 206 269 283 251 266 291 357 360 331 381 400 368 309 249 283 273 285 360 319 286 199 186 159 168 243 263 251 273 266 326 364 396 352 411 392 297 274 294 229 255 274 372 364 280 228 162 
#    in scenario 3 for all time periods :
153 180 231 250 234 314 329 319 316 360 414 351 360 297 291 258 277 311 281 396 312 292 228 194 170 200 243 220 249 286 292 274 364 332 331 407 352 327 278 243 229 251 312 372 360 283 199 194 
#    in scenario 4 for all time periods :
171 194 238 258 231 270 269 281 342 388 360 381 396 349 278 258 274 292 319 328 371 295 204 196 137 196 240 252 263 311 309 319 312 396 352 429 372 357 281 273 229 302 309 364 297 255 231 182 
#    in scenario 5 for all time periods :
151 172 233 247 263 299 299 309 312 380 336 373 332 342 285 294 249 251 291 360 327 305 214 160 144 200 194 258 266 305 273 305 312 348 365 386 392 364 339 273 286 286 322 388 331 305 219 168 
#    in scenario 6 for all time periods :
144 170 228 250 274 255 269 322 331 384 402 386 320 338 309 249 249 277 274 340 345 277 211 176 142 176 216 244 280 305 296 302 338 340 356 407 364 368 288 264 243 299 309 324 368 277 194 194 
#    in scenario 7 for all time periods :
156 180 204 250 274 264 283 288 349 332 331 347 348 312 315 264 257 308 315 396 327 261 228 172 142 196 243 250 257 292 302 319 349 388 402 347 336 368 339 273 237 270 333 356 297 273 223 198 
#    in scenario 8 for all time periods :
170 200 238 258 274 280 312 319 308 380 381 356 392 319 319 255 251 251 319 360 357 255 211 168 146 174 216 236 271 273 292 315 308 356 344 360 384 323 274 291 234 308 315 396 349 311 202 198 
#    in scenario 9 for all time periods :
170 192 214 269 240 283 302 288 334 356 331 399 352 364 305 288 246 273 343 328 308 289 226 200 139 174 238 231 234 314 263 343 357 352 394 364 368 368 278 273 254 251 288 396 338 302 221 162 
# at node 6
#    in scenario 0 for all time periods :
146 166 214 258 246 292 299 295 301 400 336 411 348 360 329 240 254 264 302 364 305 277 226 184 161 172 238 250 254 283 322 302 305 400 360 369 320 327 281 297 229 280 274 368 305 264 206 166 
#    in scenario 1 for all time periods :
154 166 197 233 240 258 289 333 319 340 381 343 324 297 295 249 234 261 305 336 360 295 211 160 154 190 240 271 229 311 266 322 334 392 336 424 344 357 315 255 266 305 295 348 349 305 216 198 
#    in scenario 2 for all time periods :
139 184 236 252 260 311 283 329 305 348 331 377 380 371 336 285 237 302 302 336 305 308 202 172 156 178 206 252 237 295 312 336 371 360 394 411 336 323 319 252 274 311 339 380 338 308 228 184 
#    in scenario 3 for all time periods :
168 196 233 255 229 283 283 315 319 380 360 360 336 305 339 291 251 299 291 352 368 251 214 186 137 170 197 239 283 267 273 295 308 352 348 399 364 360 336 270 229 261 336 320 312 267 236 184 
#    in scenario 4 for all time periods :
159 174 194 244 237 289 299 315 342 384 356 424 320 312 285 255 254 311 281 376 368 292 236 176 165 160 231 271 257 251 279 288 301 392 369 420 340 301 291 264 237 289 319 376 334 277 243 174 
#    in scenario 5 for all time periods :
158 188 236 252 260 273 279 305 345 348 381 429 388 331 315 252 254 277 281 320 305 277 228 182 171 196 238 225 286 295 299 339 323 388 331 390 340 353 329 297 254 286 319 376 349 289 221 196 
#    in scenario 6 for all time periods :
147 178 197 250 269 251 263 336 334 328 410 343 364 297 305 294 231 261 312 336 353 305 206 190 156 176 206 250 269 302 302 302 342 348 356 381 324 368 343 276 283 314 298 392 301 261 236 184 
#    in scenario 7 for all time periods :
146 196 209 242 277 292 283 305 368 320 410 369 340 338 298 246 229 280 309 324 360 261 202 190 149 200 194 236 251 314 296 319 368 336 352 347 340 312 281 285 251 277 281 360 357 261 211 200 
#    in scenario 8 for all time periods :
154 178 238 258 283 292 302 329 334 356 369 377 396 305 274 249 271 305 288 388 305 286 243 190 166 176 233 250 263 299 309 288 319 376 344 386 364 334 319 300 286 302 309 332 297 277 223 164 
#    in scenario 9 for all time periods :
146 178 202 244 260 258 312 298 327 388 389 394 376 305 333 249 260 273 315 324 360 258 194 180 156 184 240 242 283 286 292 285 360 324 373 373 372 327 333 264 280 289 333 380 360 258 240 188 
#Maximum capacity P+gs :
# generator 0 for all scenarios
423 437 514 446 501 514 460 523 378 378 
# generator 1 for all scenarios
510 373 369 469 455 541 532 419 546 446 
# generator 2 for all scenarios
140 151 152 147 139 151 139 120 129 127 
# generator 3 for all scenarios
121 124 129 139 112 134 138 138 153 110 
# generator 4 for all scenarios
186 186 178 170 154 194 186 146 185 183 
# generator 5 for all scenarios
73 83 92 85 66 80 86 95 73 68 
# generator 6 for all scenarios
82 97 98 91 96 88 77 88 84 95 
# generator 7 for all scenarios
59 58 63 64 53 52 59 46 57 51 
# generator 8 for all scenarios
51 51 58 51 57 65 60 51 52 60 
# generator 9 for all scenarios
56 57 51 57 47 50 47 56 65 54 
# generator 10 for all scenarios
464 387 410 501 428 410 423 369 491 473 
# generator 11 for all scenarios
378 487 446 378 419 487 437 373 373 423 
# generator 12 for all scenarios
143 108 156 113 143 107 153 151 135 131 
# generator 13 for all scenarios
118 144 126 140 136 147 129 150 131 139 
# generator 14 for all scenarios
160 185 167 151 194 147 160 178 156 165 
# generator 15 for all scenarios
81 68 84 88 78 64 93 71 85 70 
# generator 16 for all scenarios
82 94 77 95 84 90 88 69 79 79 
# generator 17 for all scenarios
54 47 47 45 56 60 49 65 64 58 
# generator 18 for all scenarios
44 53 58 64 64 56 46 48 49 54 
# generator 19 for all scenarios
61 51 58 48 59 52 47 65 58 48 
#Minimum capacity P-gs:
# generator 0 for all scenarios
134 140 171 165 174 172 162 177 140 168 
# generator 1 for all scenarios
174 142 123 147 123 126 141 152 153 177 
# generator 2 for all scenarios
19 22 21 22 21 17 24 23 23 22 
# generator 3 for all scenarios
17 23 19 23 22 18 20 24 24 20 
# generator 4 for all scenarios
24 21 21 27 25 25 29 22 23 25 
# generator 5 for all scenarios
16 17 22 17 19 18 20 18 17 16 
# generator 6 for all scenarios
22 25 27 21 24 27 27 26 26 22 
# generator 7 for all scenarios
10 10 11 12 11 12 10 9 9 11 
# generator 8 for all scenarios
11 12 8 8 11 12 11 10 8 9 
# generator 9 for all scenarios
9 11 10 10 12 12 11 8 9 10 
# generator 10 for all scenarios
176 148 132 124 164 168 158 132 147 167 
# generator 11 for all scenarios
172 159 126 126 136 135 132 177 152 120 
# generator 12 for all scenarios
23 19 22 18 20 16 18 18 19 21 
# generator 13 for all scenarios
23 21 20 24 17 19 24 19 24 21 
# generator 14 for all scenarios
27 21 22 24 26 29 22 24 21 25 
# generator 15 for all scenarios
22 17 17 19 23 17 16 20 19 19 
# generator 16 for all scenarios
23 21 26 26 30 22 26 26 26 27 
# generator 17 for all scenarios
10 12 11 12 10 9 11 12 11 11 
# generator 18 for all scenarios
10 8 9 11 10 10 12 11 10 11 
# generator 19 for all scenarios
11 9 10 10 11 11 10 11 9 9 
#Maximum ramping for all generators R+g :
250 250 80 80 25 20 25 10 10 10 250 250 80 80 25 20 25 10 10 10 
#Minimum ramping for all generators R-g :
150 150 20 20 25 20 25 10 10 10 150 150 20 20 25 20 25 10 10 10 
#Minimum up time for all generators UTg :
8 8 5 5 6 3 3 1 1 1 8 8 5 5 6 3 3 1 1 1 
#Minimum down time for all generators DTg :
8 8 5 5 6 3 3 1 1 1 8 8 5 5 6 3 3 1 1 1 
#Number of period : N=T
#Total reserve for all time periods Tt : 
60.0 70.0 85.0 95.0 100.0 110.0 115.0 120.0 130.0 140.0 145.0 150.0 140.0 130.0 120.0 105.0 100.0 110.0 120.0 140.0 130.0 110.0 85.0 70.0 60.0 70.0 85.0 95.0 100.0 110.0 115.0 120.0 130.0 140.0 145.0 150.0 140.0 130.0 120.0 105.0 100.0 110.0 120.0 140.0 130.0 110.0 85.0 70.0 
#Fast reserve for all time periods Ft : 
18.0 21.0 25.5 28.5 30.0 33.0 34.5 36.0 39.0 42.0 43.5 45.0 42.0 39.0 36.0 31.5 30.0 33.0 36.0 42.0 39.0 33.0 25.5 21.0 18.0 21.0 25.5 28.5 30.0 33.0 34.5 36.0 39.0 42.0 43.5 45.0 42.0 39.0 36.0 31.5 30.0 33.0 36.0 42.0 39.0 33.0 25.5 21.0 
#Susceptance Bls : 
#Line 0 in all scenarios
0.76 0.73 0.81 0.66 0.6 0.68 0.83 0.9 0.86 0.67 
#Line 1 in all scenarios
0.71 0.85 0.89 0.81 0.7 0.78 0.79 0.78 0.65 0.8 
#Line 2 in all scenarios
0.73 0.62 0.83 0.66 0.8 0.88 0.71 0.88 0.67 0.62 
#Line 3 in all scenarios
0.88 0.73 0.87 0.84 0.66 0.61 0.77 0.61 0.87 0.71 
#Line 4 in all scenarios
0.67 0.87 0.6 0.67 0.85 0.85 0.8 0.76 0.62 0.76 
#Line 5 in all scenarios
0.87 0.84 0.76 0.69 0.76 0.78 0.68 0.85 0.85 0.8 
#Line 6 in all scenarios
0.76 0.9 0.76 0.76 0.71 0.65 0.67 0.63 0.83 0.85 
#Line 7 in all scenarios
0.85 0.73 0.85 0.71 0.7 0.62 0.89 0.66 0.67 0.84 
#Line 8 in all scenarios
0.66 0.72 0.74 0.83 0.63 0.77 0.82 0.77 0.83 0.88 
#Line 9 in all scenarios
0.67 0.7 0.65 0.69 0.7 0.74 0.81 0.88 0.84 0.63 
#Line 10 in all scenarios
0.62 0.88 0.8 0.82 0.71 0.61 0.81 0.83 0.72 0.87 
#Line 11 in all scenarios
0.89 0.69 0.84 0.84 0.64 0.81 0.73 0.72 0.8 0.6 
#Line 12 in all scenarios
0.67 0.74 0.77 0.9 0.6 0.88 0.7 0.76 0.66 0.6 
#Line 13 in all scenarios
0.72 0.62 0.89 0.81 0.82 0.7 0.86 0.84 0.62 0.83 
#Line 14 in all scenarios
0.82 0.7 0.66 0.63 0.73 0.82 0.63 0.74 0.85 0.7 
#Line 15 in all scenarios
0.83 0.72 0.86 0.7 0.71 0.81 0.77 0.8 0.61 0.82 
#Line 16 in all scenarios
0.82 0.66 0.81 0.71 0.61 0.73 0.87 0.71 0.83 0.82 
#Line 17 in all scenarios
0.65 0.68 0.6 0.79 0.87 0.71 0.79 0.61 0.83 0.85 
#Line 18 in all scenarios
0.8 0.69 0.66 0.62 0.64 0.62 0.69 0.71 0.62 0.66 
#Line 19 in all scenarios
0.81 0.89 0.83 0.75 0.8 0.77 0.64 0.7 0.76 0.61 
#Line 20 in all scenarios
0.83 0.6 0.74 0.85 0.82 0.63 0.7 0.64 0.74 0.73 
#Maximum capacity of all lines TCl : 
667 667 667 667 667 667 667 667 667 667 667 667 667 667 667 667 667 667 667 667 667 
#Fast reserve limit of all generators FRg : 
250 250 80 80 25 20 25 10 10 10 250 250 80 80 25 20 25 10 10 10 
#No import groups ICj 
#No polarity gamma-jl 
