#Number of generators G :
20
#Gs :
1 3 6 8 10 11 12 14 15 16 17 20 
#Gf :
2 4 5 7 9 13 18 19 
#S :
20
#T :
24
#L :
18
#N :
6
#Gn (one line contains indices of generators at a node) :
#node 0
1 2 3 4 5 
#node 1
6 
#node 2
7 8 9 10 11 
#node 3
12 13 14 
#node 4
15 16 17 18 
#node 5
19 20 
#LIn (one line contains incoming lines at a node) :
#node 0
6-1 5-1 4-1 
#node 1
1-2 6-2 5-2 
#node 2
2-3 1-3 6-3 
#node 3
3-4 2-4 1-4 
#node 4
4-5 3-5 2-5 
#node 5
5-6 4-6 3-6 
#LOn (one line contains outgoing lines at a node) :
#node 0
1-2 1-3 1-4 
#node 1
2-3 2-4 2-5 
#node 2
3-4 3-5 3-6 
#node 3
4-5 4-6 4-1 
#node 4
5-6 5-1 5-2 
#node 5
6-1 6-2 6-3 
#No import group IG
#No lines in import groups IGj 
#Probability of each scenario ps : 
0.05 0.05 0.05 0.05 0.05 0.05 0.05 0.05 0.05 0.05 0.05 0.05 0.05 0.05 0.05 0.05 0.05 0.05 0.05 0.05 
#minimum load cost of generators Kg :
1000 970 700 680 450 370 480 660 665 670 1000 970 700 680 450 370 480 660 665 670 
#start-up of generators Sg :
4500 5000 550 560 900 170 260 30 30 30 4500 5000 550 560 900 170 260 30 30 30 
#marginal cost of generators Cg :
16.19 17.26 16.6 16.5 19.7 22.26 27.74 25.92 27.27 27.79 16.19 17.26 16.6 16.5 19.7 22.26 27.74 25.92 27.27 27.79 
#demand Dnst :
# at node 0
#    in scenario 0 for all time periods :
192 226 283 257 273 345 349 332 386 378 401 460 383 368 344 298 317 323 376 373 381 301 266 217 
#    in scenario 1 for all time periods :
176 226 246 304 283 367 326 344 394 457 474 475 406 407 332 287 327 330 392 392 420 326 278 191 
#    in scenario 2 for all time periods :
190 196 249 279 280 352 322 320 381 448 464 420 425 373 348 315 320 308 380 373 425 330 275 210 
#    in scenario 3 for all time periods :
170 198 269 288 267 297 322 356 373 411 464 425 383 355 364 322 270 312 344 406 429 359 249 217 
#    in scenario 4 for all time periods :
182 219 227 298 307 297 326 360 377 420 469 425 397 373 320 290 330 359 344 420 420 293 249 210 
#    in scenario 5 for all time periods :
170 210 252 276 327 323 345 372 407 425 420 410 453 420 380 336 267 304 320 420 364 326 272 233 
#    in scenario 6 for all time periods :
192 224 283 310 270 315 334 356 403 373 392 440 373 364 372 326 297 312 320 387 355 352 278 198 
#    in scenario 7 for all time periods :
200 205 283 291 300 304 364 372 381 392 459 480 429 429 340 350 290 326 372 378 360 334 252 215 
#    in scenario 8 for all time periods :
166 189 272 310 327 293 314 344 377 467 459 405 457 377 320 322 293 312 360 401 347 334 266 226 
#    in scenario 9 for all time periods :
166 189 272 260 317 348 353 376 412 406 425 440 383 351 324 322 317 293 376 448 403 301 238 205 
#    in scenario 10 for all time periods :
200 222 241 301 280 345 376 344 407 373 483 495 443 412 372 301 300 308 376 383 381 363 244 191 
#    in scenario 11 for all time periods :
174 217 230 253 283 367 353 392 351 392 440 450 411 429 388 346 280 359 344 411 416 341 241 191 
#    in scenario 12 for all time periods :
190 201 235 295 320 341 376 364 373 397 478 430 415 399 392 284 280 293 352 373 403 359 255 219 
#    in scenario 13 for all time periods :
180 208 280 272 327 312 376 384 425 420 401 465 411 386 356 290 330 352 376 373 381 356 266 205 
#    in scenario 14 for all time periods :
198 222 241 307 273 301 307 376 381 411 420 430 373 377 364 350 310 315 336 429 351 315 249 187 
#    in scenario 15 for all time periods :
162 229 249 279 267 304 353 348 399 383 425 435 378 399 352 350 270 334 360 453 416 293 275 189 
#    in scenario 16 for all time periods :
182 198 230 295 283 348 334 376 364 406 416 450 429 381 336 308 330 304 384 397 381 297 258 233 
#    in scenario 17 for all time periods :
162 233 278 266 327 315 364 380 394 420 430 415 443 407 368 340 300 341 368 420 399 334 232 187 
#    in scenario 18 for all time periods :
188 201 283 285 273 326 322 380 394 453 411 470 401 407 376 315 280 330 336 434 394 359 249 222 
#    in scenario 19 for all time periods :
170 215 275 257 327 304 380 392 355 429 474 465 453 368 352 343 287 341 380 401 390 337 232 205 
# at node 1
#    in scenario 0 for all time periods :
182 226 241 260 277 293 368 380 386 411 406 440 439 403 356 312 307 345 392 383 351 312 264 191 
#    in scenario 1 for all time periods :
180 201 241 317 283 323 360 348 364 373 435 465 383 420 352 329 303 297 344 387 364 367 261 205 
#    in scenario 2 for all time periods :
194 217 278 279 323 359 380 396 355 406 440 480 467 355 384 322 307 352 348 401 390 359 238 194 
#    in scenario 3 for all time periods :
188 219 232 257 303 334 314 324 407 392 445 490 457 407 356 308 313 345 360 387 425 334 269 194 
#    in scenario 4 for all time periods :
186 201 278 272 293 341 337 320 386 406 430 415 392 368 380 322 293 304 344 462 420 301 266 226 
#    in scenario 5 for all time periods :
172 191 261 314 270 359 310 352 412 406 411 430 383 355 348 284 287 356 376 383 420 308 249 208 
#    in scenario 6 for all time periods :
196 201 232 291 310 308 330 340 433 411 425 475 387 360 336 322 280 301 400 392 429 348 272 233 
#    in scenario 7 for all time periods :
192 187 235 269 283 323 360 376 420 411 406 400 448 351 376 350 330 363 348 448 399 356 275 233 
#    in scenario 8 for all time periods :
174 203 266 279 270 348 341 356 429 401 387 465 420 403 336 332 320 348 328 429 433 326 235 217 
#    in scenario 9 for all time periods :
186 198 227 253 320 315 326 336 368 397 469 460 406 347 380 322 300 330 384 411 377 337 232 229 
#    in scenario 10 for all time periods :
190 222 266 257 307 297 372 360 412 401 387 420 453 360 344 290 310 337 376 453 377 345 255 215 
#    in scenario 11 for all time periods :
160 226 227 263 280 326 345 352 425 462 474 425 462 412 400 294 310 337 352 462 351 323 232 229 
#    in scenario 12 for all time periods :
172 219 238 266 330 359 341 328 377 434 454 415 411 386 336 290 320 352 332 429 347 323 283 224 
#    in scenario 13 for all time periods :
184 187 261 317 293 348 364 352 429 453 425 500 401 377 328 312 307 330 368 425 433 297 258 212 
#    in scenario 14 for all time periods :
176 196 280 260 300 297 380 372 355 429 483 470 425 381 344 290 270 308 376 448 407 330 280 215 
#    in scenario 15 for all time periods :
166 208 280 279 317 356 376 372 425 420 483 495 387 403 364 346 290 348 356 411 429 315 252 203 
#    in scenario 16 for all time periods :
190 205 244 269 297 345 341 352 412 397 454 410 467 429 364 329 300 363 392 392 360 345 278 231 
#    in scenario 17 for all time periods :
162 231 235 317 323 312 383 380 399 411 464 495 406 403 388 304 267 323 392 457 407 352 230 224 
#    in scenario 18 for all time periods :
160 194 249 310 283 345 345 344 412 439 396 430 392 390 364 298 327 345 332 439 399 341 255 231 
#    in scenario 19 for all time periods :
184 226 278 276 273 304 345 400 386 383 478 440 392 420 400 280 303 356 364 434 386 352 278 189 
# at node 2
#    in scenario 0 for all time periods :
184 187 261 301 273 297 353 368 368 434 483 410 434 377 324 287 320 356 348 448 364 326 261 219 
#    in scenario 1 for all time periods :
186 229 235 317 330 363 356 356 420 448 478 485 401 381 392 280 313 341 336 420 381 359 255 187 
#    in scenario 2 for all time periods :
166 189 238 272 327 334 360 380 399 392 430 425 420 360 388 301 317 356 340 434 351 367 278 201 
#    in scenario 3 for all time periods :
182 222 246 304 267 345 349 356 425 392 416 495 462 386 400 340 267 315 360 434 364 352 261 205 
#    in scenario 4 for all time periods :
162 229 235 282 287 334 345 340 351 378 425 430 448 399 400 343 270 330 364 453 399 297 258 212 
#    in scenario 5 for all time periods :
180 212 230 288 303 337 337 328 394 439 387 465 448 403 352 340 310 359 388 401 420 304 255 196 
#    in scenario 6 for all time periods :
176 215 244 263 293 301 368 332 399 401 401 425 443 364 396 346 280 363 320 373 416 334 278 229 
#    in scenario 7 for all time periods :
190 233 278 295 280 363 337 400 368 383 420 490 429 433 324 312 303 341 392 467 377 293 261 205 
#    in scenario 8 for all time periods :
176 189 278 272 323 297 376 332 429 448 401 480 467 377 388 308 320 315 348 411 377 359 258 187 
#    in scenario 9 for all time periods :
188 191 249 301 283 312 364 392 347 425 396 420 401 368 340 301 317 341 336 448 381 367 280 229 
#    in scenario 10 for all time periods :
198 189 283 269 277 312 345 400 377 448 445 485 397 394 380 336 277 367 360 383 360 337 252 203 
#    in scenario 11 for all time periods :
188 205 258 266 293 348 364 368 429 439 401 430 439 407 324 329 330 334 344 448 433 301 258 212 
#    in scenario 12 for all time periods :
162 194 227 279 327 341 330 392 360 462 435 495 443 429 376 322 277 304 336 373 373 352 272 201 
#    in scenario 13 for all time periods :
194 194 280 285 333 319 364 388 407 378 469 470 411 425 376 304 270 367 332 429 381 308 227 231 
#    in scenario 14 for all time periods :
164 212 246 317 327 293 380 324 433 467 450 495 383 394 392 284 293 367 364 434 403 301 227 198 
#    in scenario 15 for all time periods :
180 215 261 263 293 356 322 336 403 397 425 405 378 360 340 350 303 304 324 387 381 326 235 196 
#    in scenario 16 for all time periods :
194 196 272 263 303 356 380 388 390 420 454 435 378 394 372 332 273 334 372 411 425 301 269 217 
#    in scenario 17 for all time periods :
160 222 269 276 290 323 307 368 425 411 430 435 457 407 324 318 310 323 364 397 403 319 246 233 
#    in scenario 18 for all time periods :
190 217 235 279 320 363 368 384 360 378 464 415 448 412 372 284 313 341 380 411 373 356 278 187 
#    in scenario 19 for all time periods :
164 229 244 298 320 301 383 364 360 443 406 415 378 429 356 315 267 293 396 378 373 308 227 205 
# at node 3
#    in scenario 0 for all time periods :
160 224 275 288 333 304 326 360 420 397 478 440 453 429 368 343 330 363 340 434 416 363 261 194 
#    in scenario 1 for all time periods :
166 191 235 282 267 330 322 352 416 397 435 475 411 355 400 346 320 312 360 443 347 356 230 226 
#    in scenario 2 for all time periods :
170 231 283 279 277 319 364 356 433 429 420 410 420 399 376 294 320 330 336 429 433 359 283 187 
#    in scenario 3 for all time periods :
182 205 269 282 310 352 368 388 368 378 454 430 378 433 336 343 297 293 388 373 390 319 249 224 
#    in scenario 4 for all time periods :
174 217 232 269 277 359 310 376 403 434 392 415 425 364 360 284 280 330 356 415 416 312 230 226 
#    in scenario 5 for all time periods :
184 212 230 257 267 363 376 392 425 387 445 470 462 381 356 287 303 315 336 406 403 341 255 229 
#    in scenario 6 for all time periods :
170 212 230 307 287 308 356 336 412 397 411 475 425 386 356 340 290 297 396 453 386 359 258 196 
#    in scenario 7 for all time periods :
200 231 241 304 320 345 307 376 416 453 474 430 448 407 384 284 330 319 352 420 377 326 261 196 
#    in scenario 8 for all time periods :
180 231 264 304 293 341 356 396 394 392 430 475 429 420 328 294 283 367 400 453 429 337 249 233 
#    in scenario 9 for all time periods :
170 222 230 282 297 348 349 348 373 448 440 430 457 412 376 312 297 367 400 425 355 323 230 187 
#    in scenario 10 for all time periods :
164 224 244 282 283 301 353 348 386 467 445 440 397 429 388 329 310 308 376 457 416 345 269 229 
#    in scenario 11 for all time periods :
192 189 246 266 310 308 307 328 368 406 435 420 439 347 340 290 303 319 364 392 420 304 230 194 
#    in scenario 12 for all time periods :
172 191 235 307 327 359 330 344 381 378 445 470 397 364 324 298 303 323 384 373 390 341 230 201 
#    in scenario 13 for all time periods :
164 208 272 263 303 293 349 332 351 439 425 490 453 360 324 290 297 334 380 392 360 312 258 229 
#    in scenario 14 for all time periods :
168 194 280 269 327 323 326 324 355 373 454 455 378 403 364 298 277 352 376 443 351 352 232 194 
#    in scenario 15 for all time periods :
182 226 249 295 320 341 310 324 425 387 387 460 411 381 344 294 270 348 396 406 403 301 249 194 
#    in scenario 16 for all time periods :
166 212 269 301 310 323 341 360 403 373 454 495 392 416 372 346 287 352 328 383 390 323 241 212 
#    in scenario 17 for all time periods :
190 189 283 266 290 319 341 324 403 387 435 460 415 425 380 318 323 341 392 429 433 337 280 189 
#    in scenario 18 for all time periods :
164 208 283 257 303 319 376 328 347 443 396 405 397 403 372 312 303 337 320 415 407 337 278 222 
#    in scenario 19 for all time periods :
190 208 244 304 287 319 372 360 347 420 459 440 453 394 328 280 300 341 332 439 347 293 283 196 
# at node 4
#    in scenario 0 for all time periods :
170 201 238 298 270 348 364 360 403 443 454 495 420 403 392 329 300 334 356 462 412 323 230 226 
#    in scenario 1 for all time periods :
194 231 235 291 293 348 353 396 373 401 430 425 457 360 332 332 267 367 364 457 351 330 230 205 
#    in scenario 2 for all time periods :
162 196 272 304 327 304 334 340 420 443 454 465 397 360 352 318 267 326 340 392 381 301 255 217 
#    in scenario 3 for all time periods :
162 208 255 288 277 367 330 388 347 411 483 425 415 390 372 287 287 315 376 411 381 323 264 194 
#    in scenario 4 for all time periods :
178 231 255 295 333 301 356 372 399 448 401 415 429 403 396 287 300 330 324 429 355 356 255 208 
#    in scenario 5 for all time periods :
180 226 264 272 317 312 356 396 351 420 445 410 383 347 356 336 330 337 348 448 420 297 264 205 
#    in scenario 6 for all time periods :
196 224 241 279 303 293 372 372 368 425 401 420 383 390 372 326 290 304 356 406 351 293 232 233 
#    in scenario 7 for all time periods :
166 212 261 288 333 312 307 400 416 467 478 480 397 377 340 308 273 293 388 397 429 337 238 189 
#    in scenario 8 for all time periods :
166 194 255 269 330 304 356 372 368 373 396 500 383 407 372 350 287 348 400 383 381 348 269 217 
#    in scenario 9 for all time periods :
196 187 280 272 267 359 349 384 351 415 430 500 467 407 376 346 323 293 364 415 386 359 275 191 
#    in scenario 10 for all time periods :
176 187 280 291 270 337 349 360 412 406 469 475 434 429 376 294 287 326 380 392 386 323 232 212 
#    in scenario 11 for all time periods :
192 224 278 276 270 308 383 348 351 392 416 455 406 377 352 336 317 330 388 411 429 352 241 191 
#    in scenario 12 for all time periods :
192 215 275 310 330 323 334 324 360 453 445 465 378 377 348 312 267 352 364 373 351 337 227 208 
#    in scenario 13 for all time periods :
164 217 261 304 273 308 341 380 364 406 474 470 383 399 324 318 323 356 388 383 355 323 258 233 
#    in scenario 14 for all time periods :
198 194 230 282 277 337 341 332 347 425 454 465 406 373 332 294 283 367 380 425 433 330 230 217 
#    in scenario 15 for all time periods :
182 205 264 310 273 348 345 336 386 434 411 410 373 407 352 332 320 326 352 420 355 319 269 187 
#    in scenario 16 for all time periods :
162 208 264 291 307 323 345 332 425 406 392 400 443 373 364 287 320 308 348 439 360 345 283 189 
#    in scenario 17 for all time periods :
182 203 241 301 287 337 368 384 403 453 454 470 457 360 332 301 327 304 324 401 416 297 272 217 
#    in scenario 18 for all time periods :
170 196 246 257 267 345 368 340 351 392 440 465 401 347 340 340 293 319 392 401 425 359 266 224 
#    in scenario 19 for all time periods :
198 224 238 253 333 341 310 328 377 378 430 420 429 425 372 308 300 323 352 439 394 337 241 226 
# at node 5
#    in scenario 0 for all time periods :
172 210 227 288 320 308 337 356 390 392 454 460 392 381 380 315 280 304 332 434 390 304 258 224 
#    in scenario 1 for all time periods :
170 189 241 272 323 308 356 388 429 373 464 440 397 394 332 287 287 293 324 387 360 348 283 208 
#    in scenario 2 for all time periods :
178 205 230 269 313 356 345 388 390 420 459 445 429 433 388 346 267 363 332 429 364 315 283 212 
#    in scenario 3 for all time periods :
162 212 280 317 283 363 360 392 399 373 411 425 457 433 400 318 303 345 332 425 394 297 269 233 
#    in scenario 4 for all time periods :
166 212 238 310 323 359 326 388 390 443 411 430 443 403 332 308 333 359 372 411 416 315 235 210 
#    in scenario 5 for all time periods :
166 203 252 272 310 341 349 348 425 397 411 415 401 407 332 326 283 367 380 467 412 330 258 222 
#    in scenario 6 for all time periods :
180 201 244 269 317 359 330 364 407 462 440 435 462 412 368 280 300 319 372 453 420 337 275 231 
#    in scenario 7 for all time periods :
196 208 252 253 333 330 383 340 394 406 387 415 462 394 332 308 327 319 344 415 368 348 264 208 
#    in scenario 8 for all time periods :
198 222 241 291 293 348 356 364 420 425 406 425 439 399 352 312 277 352 396 467 407 315 264 226 
#    in scenario 9 for all time periods :
188 233 264 285 313 341 322 344 351 392 416 495 411 407 376 332 267 359 360 411 403 301 278 224 
#    in scenario 10 for all time periods :
168 217 264 314 303 308 330 372 368 448 483 470 439 355 392 294 280 367 320 439 351 293 269 205 
#    in scenario 11 for all time periods :
192 196 272 269 330 323 330 384 347 383 469 480 401 390 320 294 293 297 332 411 386 293 241 205 
#    in scenario 12 for all time periods :
186 189 280 260 297 330 330 352 381 411 454 500 420 407 376 287 327 315 376 462 429 315 241 189 
#    in scenario 13 for all time periods :
192 198 252 301 270 312 322 328 355 397 450 460 425 381 396 326 333 352 360 383 351 297 278 201 
#    in scenario 14 for all time periods :
164 201 252 263 297 297 334 324 360 448 464 430 434 381 344 329 290 293 384 434 386 359 258 208 
#    in scenario 15 for all time periods :
170 212 258 307 290 323 353 368 347 429 430 460 397 425 388 280 273 323 376 434 394 308 246 187 
#    in scenario 16 for all time periods :
162 201 266 279 283 297 310 400 355 443 459 425 457 364 368 294 267 367 396 425 394 323 232 217 
#    in scenario 17 for all time periods :
182 212 230 253 290 326 330 356 403 467 435 480 439 351 320 318 267 297 368 453 412 359 249 224 
#    in scenario 18 for all time periods :
174 201 255 257 270 308 349 388 429 387 464 435 387 377 352 287 323 363 320 420 390 352 255 224 
#    in scenario 19 for all time periods :
188 222 230 317 293 301 330 376 373 467 459 490 439 429 348 284 290 293 392 387 381 312 238 215 
#Maximum capacity P+gs :
# generator 0 for all scenarios
469 464 391 419 528 432 514 410 469 387 441 473 364 396 423 450 410 514 382 514 
# generator 1 for all scenarios
473 387 496 419 460 437 464 519 487 473 541 519 410 528 469 423 523 432 460 450 
# generator 2 for all scenarios
105 107 109 105 112 155 116 109 148 131 120 134 122 130 122 136 122 112 136 107 
# generator 3 for all scenarios
110 108 146 108 108 126 118 155 151 122 116 148 134 142 122 131 139 153 117 151 
# generator 4 for all scenarios
134 186 160 177 177 160 172 180 157 160 149 157 133 168 136 177 165 178 156 170 
# generator 5 for all scenarios
76 88 76 84 84 65 75 71 66 82 90 76 77 75 75 87 86 78 92 84 
# generator 6 for all scenarios
88 88 99 75 76 87 68 71 100 82 82 78 100 89 89 92 71 102 83 82 
# generator 7 for all scenarios
63 65 59 57 47 62 50 58 66 45 46 45 54 46 56 66 61 46 57 51 
# generator 8 for all scenarios
54 52 64 46 59 48 61 57 63 63 54 46 56 44 63 59 64 57 61 61 
# generator 9 for all scenarios
53 51 49 53 44 51 58 59 49 66 62 57 63 59 48 53 57 54 47 52 
# generator 10 for all scenarios
491 510 419 455 450 473 419 482 532 414 428 469 423 496 464 419 419 410 464 455 
# generator 11 for all scenarios
546 373 505 437 487 450 455 523 419 491 473 369 446 478 441 410 387 437 478 400 
# generator 12 for all scenarios
124 109 104 104 110 116 131 122 144 104 122 143 138 151 144 122 130 144 139 152 
# generator 13 for all scenarios
125 146 148 113 150 156 129 140 126 121 133 153 107 108 127 134 116 104 124 155 
# generator 14 for all scenarios
162 156 180 185 185 156 162 149 172 167 175 159 143 147 178 193 134 165 183 170 
# generator 15 for all scenarios
90 85 78 84 66 70 92 70 88 85 82 73 82 66 74 72 66 94 76 77 
# generator 16 for all scenarios
70 71 71 94 101 82 77 90 70 70 74 71 78 98 93 71 88 99 94 102 
# generator 17 for all scenarios
51 66 65 60 59 45 64 47 55 50 54 64 57 62 50 49 56 66 52 46 
# generator 18 for all scenarios
53 45 55 53 51 60 51 58 64 62 60 49 57 46 51 50 48 64 58 51 
# generator 19 for all scenarios
66 51 46 53 53 62 54 46 52 64 53 61 47 59 65 60 62 56 51 55 
#Minimum capacity P-gs:
# generator 0 for all scenarios
180 159 122 144 172 164 129 126 120 141 160 171 158 180 164 126 141 160 130 162 
# generator 1 for all scenarios
154 167 154 126 146 165 158 142 140 128 150 130 159 135 123 158 172 176 130 146 
# generator 2 for all scenarios
17 18 24 17 18 20 24 19 20 19 21 20 17 17 17 24 18 23 18 23 
# generator 3 for all scenarios
18 19 22 21 22 21 20 18 23 18 18 23 19 16 16 19 16 23 23 24 
# generator 4 for all scenarios
25 24 29 27 26 22 26 26 21 28 21 29 26 22 24 22 21 27 26 28 
# generator 5 for all scenarios
20 17 17 24 21 20 19 21 17 19 21 18 23 20 19 17 17 20 20 18 
# generator 6 for all scenarios
22 24 23 24 30 29 25 22 26 26 26 20 27 27 26 29 25 21 22 26 
# generator 7 for all scenarios
10 10 10 9 9 8 12 10 10 8 11 9 11 10 11 8 8 11 9 10 
# generator 8 for all scenarios
9 11 12 10 11 11 8 12 11 12 10 10 11 11 10 10 10 9 12 12 
# generator 9 for all scenarios
10 8 11 8 8 10 9 11 11 8 11 10 12 11 10 8 9 11 10 8 
# generator 10 for all scenarios
123 178 122 159 148 135 154 141 148 159 150 128 172 158 122 172 152 147 177 168 
# generator 11 for all scenarios
172 129 124 146 123 132 122 150 140 136 171 165 123 122 147 176 176 177 180 176 
# generator 12 for all scenarios
21 18 21 16 21 22 18 19 16 17 21 23 23 19 20 23 23 20 22 24 
# generator 13 for all scenarios
22 24 17 21 18 23 20 21 23 20 17 21 16 21 22 22 17 16 24 16 
# generator 14 for all scenarios
26 24 24 28 23 25 25 26 30 22 27 23 20 30 25 20 24 30 24 30 
# generator 15 for all scenarios
20 22 17 22 16 18 18 23 19 19 22 19 19 23 24 23 19 21 19 19 
# generator 16 for all scenarios
22 28 26 23 22 30 28 22 20 30 30 22 26 20 26 23 28 28 28 22 
# generator 17 for all scenarios
8 10 10 11 11 12 11 9 11 10 9 10 12 12 8 10 9 12 12 10 
# generator 18 for all scenarios
9 11 11 9 9 10 9 11 10 12 9 9 10 11 11 12 10 9 8 11 
# generator 19 for all scenarios
8 12 10 12 8 11 10 8 11 10 9 12 9 8 9 9 10 11 9 10 
#Maximum ramping for all generators R+g :
250 250 80 80 25 20 25 10 10 10 250 250 80 80 25 20 25 10 10 10 
#Minimum ramping for all generators R-g :
150 150 20 20 25 20 25 10 10 10 150 150 20 20 25 20 25 10 10 10 
#Minimum up time for all generators UTg :
8 8 5 5 6 3 3 1 1 1 8 8 5 5 6 3 3 1 1 1 
#Minimum down time for all generators DTg :
8 8 5 5 6 3 3 1 1 1 8 8 5 5 6 3 3 1 1 1 
#Number of period : N=T
#Total reserve for all time periods Tt : 
60.0 70.0 85.0 95.0 100.0 110.0 115.0 120.0 130.0 140.0 145.0 150.0 140.0 130.0 120.0 105.0 100.0 110.0 120.0 140.0 130.0 110.0 85.0 70.0 
#Fast reserve for all time periods Ft : 
12.0 14.0 17.0 19.0 20.0 22.0 23.0 24.0 26.0 28.0 29.0 30.0 28.0 26.0 24.0 21.0 20.0 22.0 24.0 28.0 26.0 22.0 17.0 14.0 
#Susceptance Bls : 
#Line 0 in all scenarios
0.6 0.63 0.64 0.62 0.86 0.75 0.82 0.66 0.78 0.83 0.7 0.66 0.82 0.67 0.7 0.67 0.64 0.61 0.73 0.88 
#Line 1 in all scenarios
0.62 0.81 0.8 0.71 0.77 0.83 0.71 0.66 0.74 0.8 0.62 0.65 0.61 0.61 0.66 0.74 0.8 0.7 0.8 0.79 
#Line 2 in all scenarios
0.9 0.78 0.72 0.86 0.8 0.68 0.72 0.69 0.75 0.82 0.65 0.8 0.64 0.83 0.66 0.88 0.81 0.75 0.7 0.86 
#Line 3 in all scenarios
0.61 0.73 0.75 0.73 0.69 0.89 0.81 0.84 0.68 0.9 0.72 0.86 0.9 0.84 0.61 0.74 0.8 0.71 0.67 0.89 
#Line 4 in all scenarios
0.76 0.77 0.79 0.61 0.88 0.8 0.61 0.79 0.66 0.8 0.83 0.84 0.6 0.63 0.8 0.65 0.61 0.87 0.9 0.86 
#Line 5 in all scenarios
0.65 0.79 0.8 0.73 0.68 0.72 0.74 0.67 0.74 0.8 0.75 0.77 0.73 0.66 0.82 0.75 0.74 0.75 0.89 0.66 
#Line 6 in all scenarios
0.74 0.65 0.77 0.78 0.61 0.69 0.81 0.61 0.75 0.82 0.61 0.6 0.82 0.89 0.79 0.82 0.85 0.86 0.9 0.78 
#Line 7 in all scenarios
0.64 0.77 0.73 0.76 0.74 0.78 0.72 0.64 0.62 0.68 0.74 0.79 0.87 0.8 0.76 0.76 0.88 0.66 0.73 0.72 
#Line 8 in all scenarios
0.68 0.79 0.85 0.73 0.76 0.72 0.82 0.82 0.65 0.63 0.73 0.77 0.69 0.62 0.83 0.9 0.87 0.66 0.83 0.85 
#Line 9 in all scenarios
0.82 0.72 0.7 0.65 0.67 0.9 0.65 0.64 0.65 0.82 0.68 0.64 0.73 0.68 0.89 0.66 0.74 0.9 0.73 0.64 
#Line 10 in all scenarios
0.77 0.6 0.67 0.82 0.82 0.77 0.62 0.74 0.76 0.86 0.89 0.82 0.83 0.66 0.64 0.83 0.69 0.83 0.64 0.68 
#Line 11 in all scenarios
0.67 0.8 0.86 0.68 0.68 0.6 0.79 0.88 0.78 0.82 0.88 0.72 0.75 0.66 0.74 0.75 0.89 0.83 0.88 0.65 
#Line 12 in all scenarios
0.62 0.76 0.82 0.63 0.72 0.79 0.9 0.61 0.74 0.89 0.88 0.73 0.86 0.6 0.68 0.73 0.66 0.75 0.81 0.67 
#Line 13 in all scenarios
0.75 0.64 0.72 0.86 0.79 0.8 0.7 0.77 0.81 0.72 0.7 0.88 0.67 0.82 0.84 0.86 0.73 0.66 0.83 0.78 
#Line 14 in all scenarios
0.74 0.78 0.61 0.73 0.65 0.84 0.85 0.77 0.64 0.68 0.77 0.81 0.63 0.85 0.71 0.69 0.76 0.84 0.61 0.81 
#Line 15 in all scenarios
0.78 0.66 0.71 0.82 0.65 0.82 0.78 0.75 0.87 0.8 0.88 0.63 0.62 0.82 0.8 0.9 0.61 0.85 0.73 0.63 
#Line 16 in all scenarios
0.88 0.87 0.69 0.63 0.71 0.85 0.67 0.62 0.9 0.64 0.69 0.85 0.72 0.82 0.67 0.77 0.61 0.67 0.84 0.75 
#Line 17 in all scenarios
0.8 0.75 0.84 0.83 0.77 0.79 0.6 0.9 0.9 0.68 0.85 0.78 0.66 0.75 0.88 0.76 0.65 0.63 0.6 0.68 
#Maximum capacity of all lines TCl : 
667 667 667 667 667 667 667 667 667 667 667 667 667 667 667 667 667 667 
#Fast reserve limit of all generators FRg : 
250 250 80 80 25 20 25 10 10 10 250 250 80 80 25 20 25 10 10 10 
#No import groups ICj 
#No polarity gamma-jl 
