#Number of generators G :
20
#Gs :
1 2 4 6 7 8 10 11 13 17 18 20 
#Gf :
3 5 9 12 14 15 16 19 
#S :
10
#T :
72
#L :
24
#N :
8
#Gn (one line contains indices of generators at a node) :
#node 0
1 
#node 1
2 
#node 2
3 4 5 6 7 
#node 3
8 
#node 4
9 10 11 
#node 5
12 
#node 6
13 14 15 16 17 
#node 7
18 19 20 
#LIn (one line contains incoming lines at a node) :
#node 0
8-1 7-1 6-1 
#node 1
1-2 8-2 7-2 
#node 2
2-3 1-3 8-3 
#node 3
3-4 2-4 1-4 
#node 4
4-5 3-5 2-5 
#node 5
5-6 4-6 3-6 
#node 6
6-7 5-7 4-7 
#node 7
7-8 6-8 5-8 
#LOn (one line contains outgoing lines at a node) :
#node 0
1-2 1-3 1-4 
#node 1
2-3 2-4 2-5 
#node 2
3-4 3-5 3-6 
#node 3
4-5 4-6 4-7 
#node 4
5-6 5-7 5-8 
#node 5
6-7 6-8 6-1 
#node 6
7-8 7-1 7-2 
#node 7
8-1 8-2 8-3 
#No import group IG
#No lines in import groups IGj 
#Probability of each scenario ps : 
0.1 0.1 0.1 0.1 0.1 0.1 0.1 0.1 0.1 0.1 
#minimum load cost of generators Kg :
1000 970 700 680 450 370 480 660 665 670 1000 970 700 680 450 370 480 660 665 670 
#start-up of generators Sg :
4500 5000 550 560 900 170 260 30 30 30 4500 5000 550 560 900 170 260 30 30 30 
#marginal cost of generators Cg :
16.19 17.26 16.6 16.5 19.7 22.26 27.74 25.92 27.27 27.79 16.19 17.26 16.6 16.5 19.7 22.26 27.74 25.92 27.27 27.79 
#demand Dnst :
# at node 0
#    in scenario 0 for all time periods :
134 166 170 204 240 253 267 264 318 336 334 341 332 280 300 234 215 242 300 326 280 250 193 170 120 140 212 226 235 256 270 240 260 308 355 360 308 315 243 220 205 250 285 304 276 272 212 147 134 150 202 204 212 258 273 249 315 315 312 349 287 273 270 239 235 248 255 287 299 228 200 166 
#    in scenario 1 for all time periods :
141 173 170 197 230 231 267 276 289 290 294 311 280 270 300 242 238 234 267 308 292 245 206 161 140 140 183 190 240 231 250 261 299 340 308 308 280 318 267 228 215 245 273 332 315 236 178 144 123 163 204 228 200 267 288 276 309 350 297 352 308 318 291 247 250 258 246 304 260 264 183 164 
#    in scenario 2 for all time periods :
126 145 200 233 202 264 242 300 299 346 304 330 322 318 300 255 202 220 300 343 266 261 187 145 122 172 185 207 245 275 279 276 302 312 304 330 346 289 291 228 242 275 276 350 283 267 185 154 134 140 176 216 232 258 264 267 283 284 294 300 280 270 243 213 238 231 249 329 292 236 176 149 
#    in scenario 3 for all time periods :
138 154 176 221 210 228 282 240 283 322 290 326 346 296 261 218 245 226 273 346 312 264 208 173 146 150 204 214 210 250 267 273 286 298 301 330 322 289 246 234 250 234 246 301 286 223 189 152 123 142 196 190 248 242 244 273 315 308 341 360 332 299 243 226 250 239 240 329 315 258 174 175 
#    in scenario 4 for all time periods :
128 156 196 190 200 242 270 240 318 304 319 360 322 325 243 239 232 228 300 332 322 272 189 161 126 159 212 226 250 261 270 270 292 301 352 311 284 302 270 236 235 256 243 290 289 226 172 147 148 154 189 202 245 242 239 255 289 329 355 326 298 315 267 239 238 231 285 284 296 248 196 175 
#    in scenario 5 for all time periods :
130 154 208 228 230 242 239 279 309 284 362 368 332 266 276 218 200 272 267 336 280 234 185 150 132 164 208 228 208 236 267 243 260 312 315 371 329 292 279 247 208 231 276 322 270 267 212 166 124 166 181 214 232 226 250 252 289 287 297 334 312 299 276 244 250 239 279 298 280 258 176 152 
#    in scenario 6 for all time periods :
126 172 181 214 208 234 233 258 266 290 359 304 322 312 240 210 205 231 258 340 286 220 176 159 150 156 206 238 202 234 230 252 296 350 355 360 301 312 288 218 228 239 240 346 296 253 187 140 122 166 212 218 245 226 230 300 299 343 359 300 308 276 264 242 205 245 285 340 276 275 178 149 
#    in scenario 7 for all time periods :
128 159 200 216 245 272 270 264 299 298 319 304 301 276 264 218 205 270 276 329 312 272 176 161 135 145 208 192 200 253 279 261 296 301 323 371 287 306 288 226 210 250 258 301 286 234 187 173 141 144 208 190 205 256 279 270 296 304 326 330 301 299 297 234 235 239 300 322 260 256 198 147 
#    in scenario 8 for all time periods :
140 149 191 235 232 250 242 258 283 312 334 360 298 292 255 252 245 264 282 284 263 264 196 156 150 172 172 207 220 272 247 258 270 343 330 315 308 296 273 244 218 250 261 312 309 248 181 147 144 163 196 190 210 267 285 258 280 308 344 341 280 296 276 213 230 272 267 350 270 270 204 140 
#    in scenario 9 for all time periods :
120 154 191 216 228 256 279 246 309 350 352 319 294 266 255 228 242 239 288 290 263 242 176 168 150 170 204 221 210 239 247 276 325 304 355 315 308 299 285 255 212 226 300 294 312 272 204 164 136 168 191 204 242 250 233 267 322 280 294 300 304 312 279 231 230 223 300 308 302 242 193 156 
# at node 1
#    in scenario 0 for all time periods :
132 168 202 216 205 228 244 294 289 290 341 315 346 276 258 215 210 228 255 322 322 239 183 147 132 170 185 204 245 275 259 264 299 280 290 308 350 273 297 215 248 242 273 298 286 275 198 159 120 156 191 216 210 261 259 288 299 332 301 322 329 273 240 255 212 253 288 332 302 234 185 140 
#    in scenario 1 for all time periods :
150 175 193 230 220 248 253 291 260 284 312 349 284 318 240 228 218 226 294 287 273 228 193 166 135 164 193 200 238 234 233 255 296 312 304 338 304 318 279 215 208 228 291 343 312 226 176 152 140 166 200 226 235 275 236 258 266 308 308 338 284 280 264 262 208 228 261 329 325 248 189 173 
#    in scenario 2 for all time periods :
147 163 196 200 205 220 242 255 286 340 334 308 294 306 297 247 230 220 267 301 283 267 187 145 142 154 185 230 232 223 285 240 276 326 308 334 318 318 294 228 250 275 252 304 325 256 172 142 146 140 198 226 202 272 276 249 280 304 319 345 312 299 252 231 235 264 243 294 289 261 170 154 
#    in scenario 3 for all time periods :
150 158 202 214 210 250 288 291 322 340 344 360 298 322 288 223 232 270 297 290 283 253 208 149 147 159 210 226 202 272 236 276 312 308 308 322 287 280 252 262 220 272 276 294 306 220 185 175 135 144 185 204 212 270 276 267 312 340 326 345 284 276 252 262 232 272 240 290 283 223 210 145 
#    in scenario 4 for all time periods :
150 173 183 202 200 226 244 246 276 280 326 300 304 280 300 234 250 236 246 280 325 250 172 163 124 156 193 223 218 223 282 267 296 318 352 308 301 322 276 231 238 231 267 312 260 239 210 158 144 173 187 209 248 226 282 243 266 350 323 368 280 286 279 236 208 258 288 340 296 245 196 147 
#    in scenario 5 for all time periods :
148 142 202 228 242 228 276 288 289 346 326 308 322 322 240 257 230 248 267 329 270 234 176 175 146 147 178 197 208 245 288 291 299 287 334 319 301 302 249 252 225 267 240 308 318 272 172 161 147 145 191 200 212 275 259 240 296 290 337 352 304 280 243 215 212 239 276 290 283 275 191 140 
#    in scenario 6 for all time periods :
146 144 189 226 250 272 236 276 318 332 312 375 350 263 288 257 232 231 267 301 296 234 174 175 134 163 210 233 232 236 259 267 289 304 337 315 340 260 255 244 235 250 294 326 315 220 174 159 124 161 212 235 220 250 273 291 292 294 304 349 284 318 282 220 210 267 273 308 289 264 204 159 
#    in scenario 7 for all time periods :
142 175 193 221 222 231 273 240 315 336 290 349 318 283 297 242 200 258 249 350 312 253 206 164 144 144 200 235 200 261 262 249 299 284 312 356 284 318 282 255 245 242 279 301 296 261 176 166 136 149 185 226 248 261 282 273 263 294 290 341 336 296 240 220 230 234 279 284 299 275 212 172 
#    in scenario 8 for all time periods :
141 161 187 230 205 258 242 300 302 308 315 356 312 283 288 252 222 264 264 301 260 248 212 150 124 142 212 207 240 239 244 246 292 326 337 349 336 260 252 228 242 236 240 287 306 275 210 150 148 164 200 204 248 250 239 282 322 343 319 330 322 260 243 262 230 234 279 329 299 234 178 173 
#    in scenario 9 for all time periods :
141 144 193 209 205 264 282 267 286 301 359 334 322 283 264 249 235 264 300 326 296 223 208 140 135 164 202 230 215 226 267 267 273 280 323 364 294 292 270 239 230 253 264 298 273 275 200 152 134 164 181 207 205 250 262 267 270 290 344 368 301 286 291 218 248 267 282 290 283 220 174 156 
# at node 2
#    in scenario 0 for all time periods :
130 156 191 195 235 261 282 294 299 312 362 368 315 286 300 260 220 231 267 290 289 275 189 152 123 172 178 230 235 253 273 279 292 336 290 304 340 309 267 210 222 253 291 332 306 220 191 149 148 163 185 207 240 258 230 291 263 298 323 300 294 309 285 239 222 245 297 304 263 272 198 166 
#    in scenario 1 for all time periods :
147 142 178 202 225 250 288 276 289 343 348 322 343 309 243 242 212 264 243 322 302 264 183 149 144 173 176 221 242 242 270 276 309 301 344 371 332 296 255 215 222 231 243 343 260 256 181 144 126 172 170 218 245 272 239 246 273 346 319 352 329 315 252 255 220 231 255 340 266 239 202 168 
#    in scenario 2 for all time periods :
120 173 170 216 212 223 239 279 276 287 341 345 326 260 291 228 228 236 273 304 296 248 202 173 128 175 206 202 222 223 259 276 322 332 344 368 308 296 285 260 250 239 300 287 283 245 200 168 140 175 204 221 225 250 259 246 306 290 290 360 318 266 297 249 215 223 258 304 292 258 210 140 
#    in scenario 3 for all time periods :
128 168 183 221 228 248 285 279 322 322 290 319 298 296 264 220 205 248 291 315 286 234 212 140 123 170 185 202 210 231 230 252 286 332 334 360 304 312 279 234 235 245 291 312 299 272 210 142 126 150 189 202 240 253 247 288 280 326 294 364 329 322 258 262 225 245 285 301 302 242 183 170 
#    in scenario 4 for all time periods :
146 145 204 226 228 256 270 282 312 340 334 375 304 322 300 226 230 264 249 326 315 234 176 156 138 152 204 197 250 256 247 273 266 343 312 349 329 270 261 244 208 231 294 298 299 239 202 163 140 156 185 228 200 272 256 267 306 290 290 330 287 280 267 210 238 228 276 287 273 223 208 144 
#    in scenario 5 for all time periods :
124 175 212 216 220 242 239 252 263 312 312 330 298 302 297 210 225 261 294 350 260 236 172 154 129 166 198 192 250 261 253 255 325 340 319 349 318 260 291 252 250 242 297 298 299 275 210 168 130 145 198 204 222 248 273 252 270 346 359 345 280 263 261 210 212 236 285 326 266 231 187 149 
#    in scenario 6 for all time periods :
120 170 178 197 218 223 256 270 306 284 359 319 326 309 282 257 222 250 255 329 270 261 206 168 128 172 204 204 232 245 273 282 322 301 312 308 336 302 270 213 250 231 258 318 286 250 198 142 142 156 172 221 220 234 242 255 260 287 304 330 308 309 240 226 218 261 279 298 266 253 170 145 
#    in scenario 7 for all time periods :
128 152 212 190 235 239 236 249 318 301 304 368 301 302 282 239 240 253 297 280 270 258 185 163 122 144 204 216 245 264 282 288 312 322 355 322 308 266 297 231 240 234 285 326 318 234 189 170 132 158 170 214 218 248 230 261 318 287 294 368 322 292 261 244 220 256 243 315 309 228 172 159 
#    in scenario 8 for all time periods :
135 154 185 218 202 234 270 261 283 298 326 368 294 299 264 223 228 245 297 329 315 272 202 168 132 149 202 190 225 272 273 294 296 350 319 308 294 309 270 218 215 231 249 304 322 275 187 154 134 147 193 214 245 228 239 267 312 315 337 352 298 280 258 228 225 256 288 298 263 270 185 152 
#    in scenario 9 for all time periods :
122 166 212 204 238 234 273 267 309 332 319 364 284 322 243 257 228 223 267 350 312 220 172 145 147 154 170 204 248 220 288 297 260 280 301 345 315 283 270 260 235 239 255 322 276 261 206 175 124 172 181 235 250 239 279 240 273 315 334 338 336 280 264 223 242 245 252 322 273 248 204 159 
# at node 3
#    in scenario 0 for all time periods :
126 175 200 211 210 231 264 255 306 315 326 308 280 315 249 242 220 275 297 294 263 228 189 149 136 166 174 202 218 270 262 255 260 326 344 304 326 325 282 220 220 231 255 343 263 236 202 149 136 173 187 230 248 226 276 246 299 315 301 360 294 289 261 218 238 228 285 350 315 258 202 156 
#    in scenario 1 for all time periods :
120 142 200 238 242 250 256 273 263 301 312 368 312 299 291 228 238 248 243 322 273 267 193 163 126 164 185 211 215 275 244 285 312 343 334 338 301 299 258 249 210 228 255 315 286 267 202 161 130 154 189 230 205 264 247 252 299 304 301 338 322 299 276 262 242 236 246 308 309 258 181 164 
#    in scenario 2 for all time periods :
134 149 189 204 208 270 259 288 306 315 312 356 318 260 288 226 230 258 243 315 289 242 183 149 124 175 204 228 228 234 282 279 276 318 341 345 280 289 300 260 215 248 252 308 299 226 178 170 135 170 198 200 242 270 270 282 276 343 362 375 343 309 267 228 205 231 267 315 286 239 174 142 
#    in scenario 3 for all time periods :
147 163 172 230 202 264 282 255 322 346 359 360 301 280 279 242 232 270 294 287 315 231 181 147 123 147 200 214 230 245 256 258 322 326 297 334 284 263 291 215 245 220 243 340 280 250 200 154 134 166 193 190 220 264 279 282 302 298 355 319 322 286 261 252 202 245 294 312 299 234 183 159 
#    in scenario 4 for all time periods :
134 172 187 218 228 275 279 273 325 304 290 360 322 270 273 223 220 220 279 284 270 236 187 175 146 142 212 209 248 270 230 291 299 318 323 345 294 260 285 242 242 272 285 280 325 256 191 170 146 163 200 235 242 231 242 258 276 290 337 364 308 283 255 257 202 242 252 336 283 275 202 172 
#    in scenario 5 for all time periods :
142 166 176 223 200 275 250 291 292 343 297 319 315 263 267 236 220 258 240 315 296 250 187 159 122 156 206 195 215 226 247 300 312 350 355 352 350 280 249 252 215 239 240 301 322 253 204 144 150 168 200 190 250 228 259 264 315 294 323 371 284 315 297 247 220 275 297 318 318 228 204 149 
#    in scenario 6 for all time periods :
146 172 174 233 228 261 244 285 270 326 312 345 298 289 255 260 210 258 240 304 266 250 183 159 134 144 185 204 248 248 253 252 315 329 362 304 315 309 252 236 242 264 282 350 260 226 206 159 150 172 202 190 208 220 239 276 286 308 312 326 298 270 264 262 242 258 279 346 289 256 183 144 
#    in scenario 7 for all time periods :
123 166 187 216 200 275 244 243 292 294 312 341 304 260 249 220 245 275 267 346 296 267 189 175 128 156 210 200 220 270 276 246 299 287 352 326 308 292 276 234 210 258 240 326 276 258 202 166 122 150 200 218 230 226 276 282 273 340 359 375 298 315 282 210 242 272 291 280 283 234 176 173 
#    in scenario 8 for all time periods :
135 166 193 223 215 242 279 285 289 294 355 375 329 292 255 257 248 275 270 318 302 245 187 168 129 150 191 214 208 226 288 258 312 343 341 356 343 318 252 223 232 256 267 280 322 267 198 158 136 158 176 221 220 239 276 294 260 346 337 315 332 322 282 231 225 250 288 294 263 220 181 166 
#    in scenario 9 for all time periods :
120 159 191 200 250 220 276 261 322 315 297 300 340 273 264 226 248 223 240 298 273 242 185 149 144 156 185 216 248 256 282 282 299 308 290 334 332 283 252 247 248 226 282 287 325 226 183 161 141 156 185 211 238 228 259 279 283 290 362 349 301 260 240 252 238 267 264 318 306 272 200 150 
# at node 4
#    in scenario 0 for all time periods :
129 152 208 221 202 261 259 270 296 298 297 356 315 283 300 247 250 258 249 350 302 223 191 140 148 154 198 192 228 236 282 291 292 322 323 349 343 306 297 244 240 223 246 290 306 231 189 170 123 161 193 195 215 267 256 243 280 312 334 341 329 302 273 242 202 267 267 318 312 236 202 150 
#    in scenario 1 for all time periods :
130 144 208 230 242 248 236 240 266 308 341 308 290 299 246 223 215 242 276 301 309 250 183 158 126 164 174 200 230 256 279 267 325 290 312 341 294 302 261 213 215 231 297 329 289 248 196 144 129 168 185 197 218 253 242 240 312 304 334 330 350 292 243 255 238 242 261 322 283 256 212 161 
#    in scenario 2 for all time periods :
140 170 193 238 212 256 285 276 289 287 290 360 340 270 249 236 245 245 246 294 263 267 187 147 141 161 178 218 205 267 250 270 273 287 297 319 343 299 261 249 230 228 255 294 266 261 206 168 129 145 183 200 212 261 259 279 296 336 355 330 280 260 297 242 208 239 264 290 260 256 187 159 
#    in scenario 3 for all time periods :
122 145 170 216 242 270 250 246 325 332 334 341 340 315 291 252 215 228 246 315 289 272 170 166 135 140 204 230 218 250 264 276 302 343 312 352 315 283 291 239 235 275 276 329 260 236 206 163 120 168 200 197 220 234 256 285 302 336 348 349 332 292 294 228 248 228 300 294 283 223 210 154 
#    in scenario 4 for all time periods :
144 140 210 204 248 236 253 264 315 326 355 345 284 325 300 234 235 275 300 308 296 242 189 142 138 164 191 238 232 272 236 288 266 298 308 311 332 325 288 218 202 270 273 304 283 258 200 144 148 172 206 190 248 256 233 261 306 318 312 304 290 270 288 244 212 220 282 290 273 245 176 156 
#    in scenario 5 for all time periods :
130 163 204 226 240 234 267 258 280 329 312 322 340 266 285 215 230 270 261 290 266 226 185 140 124 154 189 211 225 270 285 264 260 318 337 341 332 292 276 223 245 253 267 304 276 267 212 147 146 142 208 214 200 239 282 273 318 340 304 349 326 263 252 252 208 253 300 294 273 220 185 156 
#    in scenario 6 for all time periods :
135 175 178 235 215 228 247 276 309 343 304 375 315 283 261 262 225 220 264 322 270 234 198 173 147 147 202 223 210 275 282 300 263 312 337 341 329 286 291 239 202 220 270 315 283 267 178 150 146 172 206 190 235 239 264 294 263 280 319 334 304 309 243 226 228 256 273 332 312 226 189 140 
#    in scenario 7 for all time periods :
144 158 198 204 242 256 233 261 260 290 294 300 315 280 276 226 208 220 300 350 315 250 183 164 150 158 181 223 240 264 247 255 318 304 348 319 312 325 261 249 250 275 267 346 299 248 198 140 128 163 183 235 242 220 270 252 273 298 326 360 329 263 294 236 220 267 240 308 280 234 198 164 
#    in scenario 8 for all time periods :
128 173 191 195 205 253 244 246 318 308 330 311 290 260 285 213 220 223 243 322 280 220 172 147 124 140 176 200 248 272 239 297 306 312 362 360 326 263 300 242 222 253 285 284 296 253 181 158 144 173 193 228 200 223 282 267 280 322 330 356 329 296 243 262 215 228 291 322 260 236 198 158 
#    in scenario 9 for all time periods :
126 149 181 195 250 242 253 273 280 322 290 334 318 309 291 260 220 264 279 336 309 270 183 144 150 142 202 211 235 236 264 255 263 329 355 300 312 325 279 223 238 236 288 312 286 253 200 173 132 154 172 214 215 234 282 267 312 308 337 300 290 296 255 262 250 234 243 318 318 231 198 170 
# at node 5
#    in scenario 0 for all time periods :
126 154 204 204 220 242 239 276 270 318 352 322 301 263 297 249 210 256 267 329 312 248 204 161 150 168 172 218 200 275 247 267 273 287 334 356 322 299 279 252 230 258 246 326 280 231 187 164 126 163 170 223 220 250 244 240 266 315 304 334 340 276 279 228 218 234 249 284 266 250 212 140 
#    in scenario 1 for all time periods :
134 164 210 218 248 275 285 240 318 280 334 300 336 286 243 257 235 264 282 287 270 261 204 140 148 163 181 230 200 220 273 261 283 332 294 364 340 315 300 220 202 234 279 294 306 242 170 158 148 152 191 202 242 267 239 297 302 284 337 304 294 266 297 252 212 231 276 326 289 242 183 173 
#    in scenario 2 for all time periods :
134 142 198 197 220 245 279 285 318 294 326 326 284 289 288 220 205 248 240 312 286 239 191 149 138 172 204 230 205 250 288 291 270 290 308 330 290 325 243 210 212 270 261 315 263 231 200 163 134 164 183 238 205 248 276 243 276 280 304 311 284 289 249 255 248 228 264 294 280 226 170 168 
#    in scenario 3 for all time periods :
141 142 176 221 220 261 239 291 312 280 294 338 343 286 240 234 202 258 270 284 322 226 174 172 126 173 191 209 248 270 253 249 306 329 294 326 298 280 240 257 215 258 291 308 299 228 200 142 126 154 181 200 238 245 236 282 296 315 308 371 315 283 285 231 245 228 291 284 276 253 187 149 
#    in scenario 4 for all time periods :
122 142 178 204 230 250 244 258 266 290 319 360 336 322 300 244 225 226 279 284 309 231 189 173 135 150 176 202 228 239 259 291 280 315 341 349 312 309 294 213 212 272 297 315 263 226 206 158 141 170 172 195 200 228 230 255 263 332 359 334 284 276 240 220 200 231 261 343 266 242 204 152 
#    in scenario 5 for all time periods :
120 156 193 214 212 250 233 300 286 280 337 375 304 266 255 252 228 248 288 340 273 248 191 144 123 170 189 197 240 272 236 297 273 280 323 308 326 309 282 223 205 236 240 280 318 248 178 172 138 170 191 230 235 256 239 249 273 332 362 319 294 276 246 247 215 272 261 332 270 228 187 170 
#    in scenario 6 for all time periods :
136 159 198 207 242 239 256 285 292 312 362 326 350 309 264 234 208 256 249 322 286 258 212 149 146 163 210 233 245 239 233 279 270 329 326 319 301 315 294 215 205 223 267 340 312 220 212 144 138 164 181 221 240 220 262 285 315 329 352 304 332 266 255 257 210 220 261 280 263 261 187 149 
#    in scenario 7 for all time periods :
142 144 210 192 245 253 276 270 276 315 330 345 284 266 243 223 210 239 267 304 276 261 172 145 124 170 174 214 240 223 259 300 318 318 308 326 298 325 240 228 205 256 252 298 312 256 172 164 141 140 198 211 242 261 247 249 306 280 334 375 336 318 243 228 208 239 258 280 318 228 193 159 
#    in scenario 8 for all time periods :
129 144 170 214 212 275 253 279 315 312 337 322 294 315 261 239 205 248 285 290 306 272 193 149 123 140 198 216 212 272 247 300 322 336 326 315 280 260 267 226 215 272 291 287 289 226 200 166 141 149 200 230 225 245 244 285 312 346 352 326 329 309 297 231 232 258 276 308 312 267 183 152 
#    in scenario 9 for all time periods :
128 168 191 190 202 239 239 270 286 346 334 315 332 270 291 242 212 264 273 312 270 226 189 144 148 159 174 235 210 248 273 282 306 350 330 360 294 273 294 218 228 250 264 304 270 226 196 156 134 173 208 230 232 270 233 291 260 304 337 304 346 263 249 262 245 270 273 350 266 256 196 154 
# at node 6
#    in scenario 0 for all time periods :
126 156 200 233 228 264 259 285 276 340 290 352 340 266 297 244 245 231 264 315 296 267 204 159 136 168 204 214 238 272 267 288 292 280 337 300 315 263 291 226 220 231 267 326 286 248 181 159 141 142 212 238 230 261 282 258 315 350 319 352 290 296 243 249 235 248 243 346 263 220 193 173 
#    in scenario 1 for all time periods :
126 142 204 238 238 275 276 261 292 322 330 311 322 322 243 234 238 272 282 322 306 223 176 144 130 168 181 218 222 264 279 279 315 284 348 352 308 270 297 249 238 272 291 294 318 234 174 147 147 175 174 223 200 267 276 249 260 322 330 300 326 260 261 220 225 272 243 290 292 250 172 166 
#    in scenario 2 for all time periods :
136 163 191 211 250 226 244 288 296 294 297 349 340 325 288 228 215 256 270 280 325 253 200 163 124 166 206 204 248 226 242 276 289 294 341 330 284 276 252 220 242 261 297 290 260 248 172 172 138 156 193 223 245 242 247 300 299 312 312 311 284 302 267 226 212 250 270 350 280 253 212 164 
#    in scenario 3 for all time periods :
138 145 174 209 245 256 242 255 299 301 301 360 294 312 279 242 242 248 243 329 276 236 172 164 150 170 196 202 230 239 276 249 263 298 344 345 318 260 279 234 232 270 264 294 296 231 170 144 147 149 206 214 208 220 230 279 302 332 334 330 329 322 288 223 242 264 294 346 266 236 206 175 
#    in scenario 4 for all time periods :
126 154 172 200 202 253 250 294 325 350 312 330 336 318 294 252 220 270 285 312 266 248 208 144 132 166 183 235 235 267 256 294 263 280 308 371 315 296 282 260 242 223 288 329 309 267 196 175 129 168 193 204 228 250 233 255 260 318 348 375 284 280 246 223 242 228 243 287 309 261 193 164 
#    in scenario 5 for all time periods :
140 140 193 230 242 256 288 240 276 340 308 368 304 292 285 257 230 242 255 343 286 275 176 142 134 142 206 226 220 270 273 240 299 280 359 360 343 296 276 247 200 250 261 308 263 223 200 145 128 145 176 235 238 234 288 279 276 340 337 308 332 312 258 215 218 272 252 301 309 258 185 144 
#    in scenario 6 for all time periods :
141 145 176 223 238 239 273 273 312 280 297 341 318 266 255 262 250 245 300 315 306 270 178 144 138 161 172 207 240 223 233 288 283 280 348 322 343 289 285 220 225 275 291 336 309 264 189 172 126 142 185 233 232 234 288 246 296 312 330 330 343 280 249 255 220 248 282 315 289 239 204 142 
#    in scenario 7 for all time periods :
140 175 181 226 222 226 236 282 266 332 315 341 301 325 249 252 250 261 300 346 325 220 183 164 136 175 208 202 230 223 236 273 266 315 312 375 298 266 294 255 202 236 246 329 273 258 174 147 144 144 193 218 202 223 250 264 273 340 304 319 294 325 273 247 238 270 282 346 312 223 202 156 
#    in scenario 8 for all time periods :
138 149 174 233 232 242 276 246 276 329 294 311 284 325 273 244 220 248 294 308 325 264 202 159 130 154 193 192 200 261 262 291 318 346 304 326 315 309 240 249 210 223 291 304 315 239 200 142 128 150 176 223 240 228 264 300 273 290 352 300 350 273 246 252 230 239 258 304 325 245 176 142 
#    in scenario 9 for all time periods :
123 150 172 218 235 258 247 294 318 287 334 364 298 283 255 255 215 245 300 294 260 234 208 149 138 142 212 233 225 253 267 273 318 332 355 330 308 263 267 210 242 264 297 280 312 220 210 170 146 166 176 209 218 250 253 297 318 336 334 341 298 318 264 215 218 226 291 287 273 261 174 149 
# at node 7
#    in scenario 0 for all time periods :
144 163 174 192 242 258 267 279 289 326 290 300 301 263 288 218 222 228 288 329 322 250 202 175 129 168 210 204 222 248 239 285 273 350 334 326 329 276 270 244 202 253 261 318 266 250 170 142 129 158 204 190 222 275 288 267 306 343 301 308 332 280 267 242 210 258 273 294 315 228 210 145 
#    in scenario 1 for all time periods :
120 166 172 207 205 258 239 255 318 304 334 341 318 266 288 226 245 234 264 298 292 231 204 161 146 144 202 228 215 226 242 288 263 350 359 352 318 266 291 215 248 253 300 346 292 275 176 154 144 164 170 238 210 272 256 285 289 315 319 334 294 292 297 231 248 270 291 315 289 220 208 140 
#    in scenario 2 for all time periods :
147 161 181 238 250 267 262 288 263 350 341 349 298 325 285 226 200 267 288 287 286 272 174 175 135 172 191 200 205 253 250 297 260 322 330 319 326 299 261 262 208 272 282 326 315 267 174 154 136 173 196 223 228 275 276 285 273 343 326 371 312 309 276 223 242 239 282 340 315 236 181 166 
#    in scenario 3 for all time periods :
128 140 202 200 238 226 230 249 260 287 326 341 290 289 246 262 218 242 252 294 260 231 174 149 150 173 210 216 212 236 236 261 306 329 355 311 312 318 255 242 248 272 282 326 292 231 193 168 122 145 183 202 248 223 288 261 260 336 290 330 346 263 288 223 248 256 270 326 296 261 208 173 
#    in scenario 4 for all time periods :
126 166 174 195 215 248 264 261 283 326 323 326 308 306 300 242 218 248 243 280 270 250 208 161 132 156 210 197 238 264 270 285 280 287 348 341 298 296 258 255 240 239 270 304 266 248 187 166 140 154 178 200 232 256 247 240 286 290 341 375 308 302 240 210 245 275 285 315 318 234 178 161 
#    in scenario 5 for all time periods :
132 144 183 209 220 223 244 243 292 350 301 311 308 309 297 234 202 275 279 308 280 256 181 152 122 142 181 228 230 250 267 240 315 312 352 326 332 312 255 244 220 272 261 326 273 267 210 172 141 156 206 226 202 272 264 264 289 326 352 300 326 309 255 255 210 256 252 336 322 220 178 152 
#    in scenario 6 for all time periods :
122 166 198 195 222 236 239 270 318 301 294 326 287 306 261 236 200 253 288 329 306 239 210 156 140 147 183 211 208 261 233 246 299 336 359 330 346 312 249 244 215 264 294 315 309 275 193 161 136 161 176 216 222 253 270 288 315 287 294 349 322 302 270 255 220 223 282 294 276 234 176 173 
#    in scenario 7 for all time periods :
122 154 210 238 215 250 264 261 289 332 348 371 343 270 246 262 202 223 285 346 276 253 204 156 135 172 176 223 238 250 242 246 289 318 323 304 340 325 294 255 240 256 300 346 312 239 187 175 134 166 176 202 235 264 233 252 283 350 337 356 312 325 255 260 210 264 249 287 286 236 198 172 
#    in scenario 8 for all time periods :
123 145 206 221 250 239 244 297 260 346 294 349 284 260 294 220 202 242 261 340 286 228 193 166 140 163 204 235 240 250 264 252 286 329 301 375 332 270 240 236 215 248 267 340 318 267 178 156 129 156 178 211 250 270 250 264 276 346 348 349 346 289 246 247 242 234 282 294 289 245 181 172 
#    in scenario 9 for all time periods :
132 147 202 211 212 267 262 288 270 304 319 364 340 302 288 228 242 270 294 315 263 253 178 168 124 142 189 197 208 264 250 288 315 336 290 311 350 273 246 218 232 220 285 343 276 234 204 145 144 140 196 209 238 258 250 252 315 312 337 322 340 315 246 223 228 264 267 298 325 253 198 154 
#Maximum capacity P+gs :
# generator 0 for all scenarios
469 532 487 369 519 473 446 455 491 541 
# generator 1 for all scenarios
537 460 450 532 437 432 514 419 528 491 
# generator 2 for all scenarios
155 133 144 148 146 120 144 112 155 148 
# generator 3 for all scenarios
117 135 146 121 153 134 122 122 108 130 
# generator 4 for all scenarios
159 168 194 147 165 160 190 141 191 144 
# generator 5 for all scenarios
86 71 74 81 69 84 84 79 90 92 
# generator 6 for all scenarios
100 94 88 75 82 83 94 99 76 72 
# generator 7 for all scenarios
56 62 50 54 48 60 56 65 62 56 
# generator 8 for all scenarios
65 63 48 54 53 64 48 58 51 47 
# generator 9 for all scenarios
47 65 50 58 49 62 65 59 63 45 
# generator 10 for all scenarios
523 432 469 400 432 396 410 423 450 532 
# generator 11 for all scenarios
441 446 514 396 382 450 519 496 528 469 
# generator 12 for all scenarios
121 120 118 152 104 155 155 121 131 134 
# generator 13 for all scenarios
105 148 133 121 142 142 148 146 118 136 
# generator 14 for all scenarios
149 157 147 194 175 134 173 165 186 186 
# generator 15 for all scenarios
66 86 94 83 86 74 70 64 77 70 
# generator 16 for all scenarios
72 85 75 73 89 76 102 87 101 85 
# generator 17 for all scenarios
48 50 54 62 59 61 64 46 55 58 
# generator 18 for all scenarios
61 63 46 56 61 65 56 47 61 61 
# generator 19 for all scenarios
62 54 46 52 60 46 63 52 65 56 
#Minimum capacity P-gs:
# generator 0 for all scenarios
120 153 169 132 126 154 141 158 154 171 
# generator 1 for all scenarios
176 134 122 164 164 124 156 140 124 177 
# generator 2 for all scenarios
20 20 18 19 18 22 17 23 19 21 
# generator 3 for all scenarios
22 20 23 18 22 19 22 20 21 21 
# generator 4 for all scenarios
27 22 30 24 24 23 26 29 23 26 
# generator 5 for all scenarios
17 17 22 19 22 16 19 18 17 20 
# generator 6 for all scenarios
23 25 24 23 20 21 25 29 29 27 
# generator 7 for all scenarios
11 9 8 8 10 12 10 8 11 9 
# generator 8 for all scenarios
12 11 9 8 10 12 8 8 11 8 
# generator 9 for all scenarios
9 10 9 11 11 11 9 10 12 10 
# generator 10 for all scenarios
122 165 160 135 132 138 142 158 176 158 
# generator 11 for all scenarios
144 148 153 160 165 140 144 172 122 171 
# generator 12 for all scenarios
17 24 18 22 21 23 24 20 18 22 
# generator 13 for all scenarios
24 18 22 23 20 22 18 19 21 23 
# generator 14 for all scenarios
28 27 22 27 22 23 26 24 21 30 
# generator 15 for all scenarios
22 17 16 16 20 22 22 21 24 20 
# generator 16 for all scenarios
24 26 25 21 25 26 29 22 26 26 
# generator 17 for all scenarios
11 8 10 8 10 10 11 10 9 11 
# generator 18 for all scenarios
11 9 12 11 8 11 10 9 11 9 
# generator 19 for all scenarios
11 12 9 10 12 11 10 12 8 12 
#Maximum ramping for all generators R+g :
250 250 80 80 25 20 25 10 10 10 250 250 80 80 25 20 25 10 10 10 
#Minimum ramping for all generators R-g :
150 150 20 20 25 20 25 10 10 10 150 150 20 20 25 20 25 10 10 10 
#Minimum up time for all generators UTg :
8 8 5 5 6 3 3 1 1 1 8 8 5 5 6 3 3 1 1 1 
#Minimum down time for all generators DTg :
8 8 5 5 6 3 3 1 1 1 8 8 5 5 6 3 3 1 1 1 
#Number of period : N=T
#Total reserve for all time periods Tt : 
60.0 70.0 85.0 95.0 100.0 110.0 115.0 120.0 130.0 140.0 145.0 150.0 140.0 130.0 120.0 105.0 100.0 110.0 120.0 140.0 130.0 110.0 85.0 70.0 60.0 70.0 85.0 95.0 100.0 110.0 115.0 120.0 130.0 140.0 145.0 150.0 140.0 130.0 120.0 105.0 100.0 110.0 120.0 140.0 130.0 110.0 85.0 70.0 60.0 70.0 85.0 95.0 100.0 110.0 115.0 120.0 130.0 140.0 145.0 150.0 140.0 130.0 120.0 105.0 100.0 110.0 120.0 140.0 130.0 110.0 85.0 70.0 
#Fast reserve for all time periods Ft : 
12.0 14.0 17.0 19.0 20.0 22.0 23.0 24.0 26.0 28.0 29.0 30.0 28.0 26.0 24.0 21.0 20.0 22.0 24.0 28.0 26.0 22.0 17.0 14.0 12.0 14.0 17.0 19.0 20.0 22.0 23.0 24.0 26.0 28.0 29.0 30.0 28.0 26.0 24.0 21.0 20.0 22.0 24.0 28.0 26.0 22.0 17.0 14.0 12.0 14.0 17.0 19.0 20.0 22.0 23.0 24.0 26.0 28.0 29.0 30.0 28.0 26.0 24.0 21.0 20.0 22.0 24.0 28.0 26.0 22.0 17.0 14.0 
#Susceptance Bls : 
#Line 0 in all scenarios
0.61 0.71 0.76 0.6 0.75 0.66 0.74 0.77 0.83 0.9 
#Line 1 in all scenarios
0.71 0.69 0.83 0.75 0.74 0.81 0.67 0.72 0.8 0.69 
#Line 2 in all scenarios
0.89 0.78 0.68 0.79 0.77 0.82 0.84 0.76 0.68 0.82 
#Line 3 in all scenarios
0.72 0.79 0.82 0.6 0.87 0.62 0.79 0.88 0.9 0.68 
#Line 4 in all scenarios
0.8 0.68 0.7 0.76 0.83 0.7 0.69 0.85 0.8 0.69 
#Line 5 in all scenarios
0.8 0.66 0.64 0.68 0.85 0.71 0.86 0.67 0.75 0.88 
#Line 6 in all scenarios
0.78 0.66 0.73 0.71 0.73 0.7 0.72 0.86 0.68 0.75 
#Line 7 in all scenarios
0.66 0.64 0.81 0.77 0.68 0.79 0.89 0.76 0.74 0.73 
#Line 8 in all scenarios
0.65 0.81 0.87 0.66 0.83 0.7 0.63 0.61 0.72 0.79 
#Line 9 in all scenarios
0.77 0.61 0.77 0.9 0.74 0.88 0.61 0.87 0.64 0.73 
#Line 10 in all scenarios
0.67 0.73 0.72 0.9 0.83 0.7 0.7 0.84 0.86 0.88 
#Line 11 in all scenarios
0.71 0.83 0.78 0.76 0.69 0.61 0.8 0.82 0.76 0.63 
#Line 12 in all scenarios
0.61 0.63 0.61 0.75 0.84 0.75 0.73 0.81 0.67 0.68 
#Line 13 in all scenarios
0.63 0.62 0.87 0.65 0.86 0.7 0.79 0.76 0.75 0.71 
#Line 14 in all scenarios
0.61 0.89 0.62 0.67 0.79 0.72 0.79 0.67 0.81 0.83 
#Line 15 in all scenarios
0.82 0.6 0.62 0.64 0.75 0.73 0.85 0.68 0.88 0.78 
#Line 16 in all scenarios
0.61 0.82 0.64 0.65 0.62 0.86 0.85 0.89 0.72 0.83 
#Line 17 in all scenarios
0.77 0.61 0.6 0.63 0.7 0.67 0.6 0.74 0.87 0.77 
#Line 18 in all scenarios
0.81 0.65 0.81 0.88 0.82 0.67 0.75 0.74 0.64 0.9 
#Line 19 in all scenarios
0.67 0.84 0.83 0.7 0.9 0.62 0.87 0.78 0.65 0.68 
#Line 20 in all scenarios
0.83 0.68 0.67 0.76 0.74 0.7 0.79 0.87 0.68 0.82 
#Line 21 in all scenarios
0.87 0.82 0.65 0.75 0.62 0.77 0.69 0.68 0.73 0.61 
#Line 22 in all scenarios
0.73 0.68 0.67 0.88 0.85 0.82 0.82 0.88 0.88 0.61 
#Line 23 in all scenarios
0.61 0.73 0.62 0.9 0.73 0.75 0.72 0.64 0.81 0.68 
#Maximum capacity of all lines TCl : 
667 667 667 667 667 667 667 667 667 667 667 667 667 667 667 667 667 667 667 667 667 667 667 667 
#Fast reserve limit of all generators FRg : 
250 250 80 80 25 20 25 10 10 10 250 250 80 80 25 20 25 10 10 10 
#No import groups ICj 
#No polarity gamma-jl 
