#Number of generators G :
20
#Gs :
1 2 4 5 6 7 8 10 11 12 15 16 18 19 20 
#Gf :
3 9 13 14 17 
#S :
20
#T :
24
#L :
15
#N :
5
#Gn (one line contains indices of generators at a node) :
#node 0
1 2 3 4 
#node 1
5 6 7 8 
#node 2
9 10 11 12 
#node 3
13 14 15 16 17 
#node 4
18 19 20 
#LIn (one line contains incoming lines at a node) :
#node 0
5-1 4-1 3-1 
#node 1
1-2 5-2 4-2 
#node 2
2-3 1-3 5-3 
#node 3
3-4 2-4 1-4 
#node 4
4-5 3-5 2-5 
#LOn (one line contains outgoing lines at a node) :
#node 0
1-2 1-3 1-4 
#node 1
2-3 2-4 2-5 
#node 2
3-4 3-5 3-1 
#node 3
4-5 4-1 4-2 
#node 4
5-1 5-2 5-3 
#No import group IG
#No lines in import groups IGj 
#Probability of each scenario ps : 
0.05 0.05 0.05 0.05 0.05 0.05 0.05 0.05 0.05 0.05 0.05 0.05 0.05 0.05 0.05 0.05 0.05 0.05 0.05 0.05 
#minimum load cost of generators Kg :
1000 970 700 680 450 370 480 660 665 670 1000 970 700 680 450 370 480 660 665 670 
#start-up of generators Sg :
4500 5000 550 560 900 170 260 30 30 30 4500 5000 550 560 900 170 260 30 30 30 
#marginal cost of generators Cg :
16.19 17.26 16.6 16.5 19.7 22.26 27.74 25.92 27.27 27.79 16.19 17.26 16.6 16.5 19.7 22.26 27.74 25.92 27.27 27.79 
#demand Dnst :
# at node 0
#    in scenario 0 for all time periods :
214 249 313 312 348 392 409 398 499 498 539 516 526 452 446 412 360 440 475 493 452 409 306 260 
#    in scenario 1 for all time periods :
221 246 333 331 348 396 419 461 426 521 568 558 526 520 480 336 328 378 442 543 489 418 326 227 
#    in scenario 2 for all time periods :
240 272 309 365 336 418 409 394 468 549 476 510 454 478 427 399 360 361 456 515 447 409 275 260 
#    in scenario 3 for all time periods :
240 241 299 319 324 378 368 470 421 538 516 516 560 452 403 353 328 427 466 465 421 396 289 238 
#    in scenario 4 for all time periods :
204 280 330 338 368 365 382 413 442 538 574 594 549 421 480 365 324 374 413 515 447 352 340 255 
#    in scenario 5 for all time periods :
197 258 282 315 352 400 442 475 468 454 539 552 476 442 432 386 328 392 408 470 473 400 309 260 
#    in scenario 6 for all time periods :
206 246 289 331 320 396 419 394 432 459 493 480 532 442 470 378 344 392 456 487 421 418 282 249 
#    in scenario 7 for all time periods :
209 258 282 372 368 427 373 456 504 538 545 516 498 442 480 340 392 422 466 526 421 387 296 280 
#    in scenario 8 for all time periods :
209 272 303 315 392 387 391 480 447 526 516 570 504 421 394 353 352 361 456 504 416 409 299 258 
#    in scenario 9 for all time periods :
233 244 309 376 332 427 455 427 416 510 545 540 465 478 456 386 356 400 437 543 515 418 337 260 
#    in scenario 10 for all time periods :
226 244 296 304 328 440 460 403 432 532 470 534 498 520 466 407 336 405 408 493 432 440 323 249 
#    in scenario 11 for all time periods :
230 232 296 353 384 383 414 470 437 560 528 498 482 458 394 340 344 436 432 504 432 378 306 252 
#    in scenario 12 for all time periods :
230 274 326 361 324 431 455 389 510 515 464 588 482 458 432 370 352 436 389 543 447 374 309 258 
#    in scenario 13 for all time periods :
214 227 296 304 360 431 460 461 447 560 539 516 498 499 475 420 332 352 384 543 489 374 337 235 
#    in scenario 14 for all time periods :
204 238 282 323 336 383 451 427 421 521 516 552 504 473 475 357 336 400 408 476 447 361 309 277 
#    in scenario 15 for all time periods :
226 224 306 319 356 352 368 480 452 493 476 480 532 489 384 399 392 387 470 538 447 422 306 260 
#    in scenario 16 for all time periods :
192 241 333 372 320 370 423 418 463 526 476 600 476 478 475 412 372 400 403 560 494 400 296 272 
#    in scenario 17 for all time periods :
194 235 282 315 360 431 396 418 416 543 580 588 521 504 470 365 348 418 418 498 478 422 306 232 
#    in scenario 18 for all time periods :
202 249 330 346 388 387 368 466 468 470 568 498 510 520 456 357 376 440 398 465 437 431 286 238 
#    in scenario 19 for all time periods :
211 263 303 334 360 440 432 389 447 487 528 528 510 520 427 416 352 418 403 465 484 396 289 260 
# at node 1
#    in scenario 0 for all time periods :
221 272 330 357 352 427 382 413 489 493 551 492 493 432 437 382 372 383 384 465 416 431 303 272 
#    in scenario 1 for all time periods :
214 244 330 327 388 418 400 470 484 465 580 504 532 442 475 365 340 378 413 538 478 409 292 269 
#    in scenario 2 for all time periods :
233 230 296 365 344 400 373 480 442 526 539 558 510 421 442 382 340 396 470 476 447 427 323 269 
#    in scenario 3 for all time periods :
202 260 316 308 392 422 432 470 452 510 510 498 554 489 461 365 336 365 466 487 494 378 306 249 
#    in scenario 4 for all time periods :
228 255 282 331 332 431 428 408 504 493 499 570 554 489 461 374 332 427 408 538 489 396 299 235 
#    in scenario 5 for all time periods :
228 269 337 353 348 361 386 394 494 454 516 540 504 437 470 391 396 356 437 454 489 392 309 235 
#    in scenario 6 for all time periods :
204 272 292 327 368 431 455 384 458 487 493 498 532 437 422 361 388 356 475 532 473 418 323 280 
#    in scenario 7 for all time periods :
221 274 337 342 400 427 460 451 458 504 522 480 498 520 408 395 372 352 422 487 504 422 299 263 
#    in scenario 8 for all time periods :
235 246 326 304 376 361 460 389 494 470 574 582 493 478 446 412 372 414 442 459 421 392 313 241 
#    in scenario 9 for all time periods :
230 246 275 353 392 374 432 456 489 454 580 492 498 484 456 344 320 392 475 521 442 370 303 227 
#    in scenario 10 for all time periods :
202 224 296 350 320 356 386 475 510 465 464 504 465 473 466 386 356 383 389 549 416 405 313 280 
#    in scenario 11 for all time periods :
211 249 313 365 396 378 396 466 484 459 476 558 454 421 461 386 396 378 451 504 458 387 282 227 
#    in scenario 12 for all time periods :
216 263 316 312 396 365 391 446 432 543 481 582 549 520 475 416 360 361 422 476 447 440 323 246 
#    in scenario 13 for all time periods :
238 224 326 323 396 414 442 475 458 448 528 522 504 442 480 378 364 361 427 554 468 405 340 241 
#    in scenario 14 for all time periods :
228 232 282 319 340 383 428 432 463 487 551 510 538 489 427 399 328 440 427 470 468 378 292 232 
#    in scenario 15 for all time periods :
240 274 323 331 328 436 377 442 416 538 557 504 526 416 389 370 320 356 394 498 442 400 272 280 
#    in scenario 16 for all time periods :
199 252 272 365 324 409 409 475 463 543 481 546 521 504 470 420 400 387 480 526 442 436 340 272 
#    in scenario 17 for all time periods :
206 224 326 372 400 365 437 475 520 554 563 546 532 426 394 361 352 356 398 515 468 436 326 255 
#    in scenario 18 for all time periods :
218 274 309 350 344 431 419 442 447 543 534 582 487 473 466 386 380 374 432 470 494 365 320 269 
#    in scenario 19 for all time periods :
211 241 292 342 336 427 442 475 510 521 580 552 487 463 451 412 396 405 398 476 452 436 306 258 
# at node 2
#    in scenario 0 for all time periods :
214 230 286 365 320 378 373 451 442 521 580 564 504 484 456 407 348 409 418 532 520 440 340 230 
#    in scenario 1 for all time periods :
202 260 289 304 380 361 451 446 468 554 568 588 526 515 398 386 360 431 427 532 432 361 330 274 
#    in scenario 2 for all time periods :
223 249 340 334 344 431 437 389 473 538 499 552 549 489 432 336 364 374 384 454 442 356 303 249 
#    in scenario 3 for all time periods :
197 258 326 338 324 405 419 398 489 549 499 528 543 515 389 340 388 370 394 498 520 409 292 258 
#    in scenario 4 for all time periods :
199 263 306 304 340 414 419 456 473 498 568 510 560 489 418 386 340 440 475 560 473 418 306 230 
#    in scenario 5 for all time periods :
192 235 313 315 360 361 373 418 426 487 493 486 504 473 398 353 336 378 403 487 468 396 309 249 
#    in scenario 6 for all time periods :
223 255 275 357 364 365 368 427 504 470 476 600 504 515 427 357 364 378 418 487 494 378 320 241 
#    in scenario 7 for all time periods :
211 252 272 361 324 414 396 413 468 532 510 600 532 416 470 382 380 370 422 498 499 400 289 246 
#    in scenario 8 for all time periods :
218 263 316 369 320 396 428 475 510 482 499 480 521 489 413 353 388 387 456 448 499 370 292 277 
#    in scenario 9 for all time periods :
204 274 333 315 352 361 396 451 452 554 516 534 487 447 394 365 376 374 475 454 426 374 292 252 
#    in scenario 10 for all time periods :
194 266 279 319 328 400 409 418 442 454 487 492 465 452 408 365 352 361 432 448 520 436 309 227 
#    in scenario 11 for all time periods :
216 258 296 331 332 431 437 470 520 487 534 546 538 484 394 336 344 440 442 560 432 436 313 277 
#    in scenario 12 for all time periods :
235 252 309 380 380 361 442 427 478 532 557 534 526 458 398 382 388 361 413 543 484 361 292 232 
#    in scenario 13 for all time periods :
230 232 279 372 400 431 400 418 515 493 551 480 487 520 413 412 356 427 446 454 452 383 330 280 
#    in scenario 14 for all time periods :
211 269 303 331 376 418 368 394 426 510 505 540 538 478 384 336 388 352 475 549 421 418 326 280 
#    in scenario 15 for all time periods :
221 224 279 315 336 436 423 408 489 526 476 552 538 458 451 399 400 356 408 470 489 374 272 260 
#    in scenario 16 for all time periods :
240 238 330 346 340 400 437 413 463 504 545 552 532 458 466 340 328 400 413 493 515 383 279 227 
#    in scenario 17 for all time periods :
221 246 313 357 376 422 432 398 458 560 534 480 521 426 432 336 400 378 389 515 484 427 333 230 
#    in scenario 18 for all time periods :
194 280 326 327 320 374 396 398 458 554 557 510 510 510 384 374 336 431 422 448 510 356 309 227 
#    in scenario 19 for all time periods :
206 230 320 327 376 409 455 480 515 521 522 486 454 447 422 374 392 414 451 470 499 431 326 249 
# at node 3
#    in scenario 0 for all time periods :
197 224 303 319 324 431 405 480 426 515 534 552 526 515 408 395 328 365 427 510 489 356 282 241 
#    in scenario 1 for all time periods :
235 241 323 338 328 422 396 461 494 532 534 498 515 432 466 361 364 409 475 521 421 440 306 238 
#    in scenario 2 for all time periods :
223 263 272 376 356 374 432 475 473 515 563 540 470 416 427 420 336 365 418 493 489 414 282 280 
#    in scenario 3 for all time periods :
194 246 272 308 392 356 373 384 463 476 580 480 476 463 432 378 368 431 413 504 458 436 286 255 
#    in scenario 4 for all time periods :
226 238 340 376 328 387 386 408 463 554 505 576 454 432 437 403 344 436 418 549 432 422 296 227 
#    in scenario 5 for all time periods :
199 241 289 353 352 418 377 442 520 448 563 564 538 432 394 378 320 396 451 515 458 387 279 255 
#    in scenario 6 for all time periods :
226 241 292 308 324 378 414 413 463 526 568 510 538 504 456 391 324 383 398 543 463 405 333 274 
#    in scenario 7 for all time periods :
206 274 275 376 328 431 446 422 437 493 470 600 532 489 470 382 368 431 413 493 416 440 303 269 
#    in scenario 8 for all time periods :
223 255 296 350 400 387 423 475 452 482 522 504 526 442 408 378 392 374 442 448 484 431 289 280 
#    in scenario 9 for all time periods :
230 235 323 342 328 418 386 442 458 515 481 504 504 458 475 391 328 392 389 487 484 356 313 274 
#    in scenario 10 for all time periods :
194 230 320 342 340 370 400 408 520 476 499 528 515 484 437 370 352 383 480 515 515 370 337 266 
#    in scenario 11 for all time periods :
209 252 323 338 344 422 432 466 463 532 464 486 532 478 470 357 320 427 408 515 463 352 303 252 
#    in scenario 12 for all time periods :
194 269 333 338 376 361 386 418 499 454 510 516 554 499 475 374 388 383 422 470 432 356 330 244 
#    in scenario 13 for all time periods :
199 235 286 369 352 436 400 403 452 532 499 576 532 432 466 386 336 365 456 543 510 356 303 238 
#    in scenario 14 for all time periods :
202 255 316 350 360 440 368 398 463 554 493 504 470 437 442 353 336 414 389 476 489 392 316 224 
#    in scenario 15 for all time periods :
211 269 340 372 356 352 419 432 504 470 476 588 454 515 413 399 324 400 480 470 442 418 296 266 
#    in scenario 16 for all time periods :
228 266 279 380 348 374 414 446 473 526 505 582 448 463 413 370 320 422 456 515 432 352 303 230 
#    in scenario 17 for all time periods :
206 260 272 376 392 374 423 461 478 476 563 480 521 463 451 349 400 370 408 510 510 400 316 232 
#    in scenario 18 for all time periods :
192 272 340 357 332 392 405 398 510 515 505 534 510 437 446 365 320 431 437 560 478 436 279 224 
#    in scenario 19 for all time periods :
230 235 340 315 332 383 373 446 494 504 551 528 470 426 403 361 344 422 408 482 468 418 313 280 
# at node 4
#    in scenario 0 for all time periods :
199 277 292 372 344 392 423 451 520 454 557 480 459 452 384 420 380 378 466 560 426 414 340 238 
#    in scenario 1 for all time periods :
206 260 272 376 340 427 428 451 432 482 510 564 476 442 475 336 396 374 466 515 520 383 286 224 
#    in scenario 2 for all time periods :
228 272 282 380 348 361 460 442 484 476 539 600 538 484 451 378 320 387 418 554 463 383 320 232 
#    in scenario 3 for all time periods :
218 235 289 312 376 352 460 437 432 465 580 510 526 452 470 420 340 383 475 532 442 422 275 232 
#    in scenario 4 for all time periods :
204 255 299 342 356 396 373 480 463 465 539 546 532 520 394 399 356 374 466 465 510 431 320 258 
#    in scenario 5 for all time periods :
209 272 313 327 348 409 391 422 478 504 493 510 498 504 456 420 332 356 418 493 468 374 313 266 
#    in scenario 6 for all time periods :
233 246 279 350 376 405 432 470 416 454 493 564 554 447 475 374 376 356 456 454 463 378 282 227 
#    in scenario 7 for all time periods :
206 227 296 353 348 409 409 451 452 459 470 540 493 494 398 374 384 431 408 532 515 440 330 244 
#    in scenario 8 for all time periods :
197 227 333 315 376 440 405 437 437 532 563 480 510 510 413 403 320 418 403 510 484 387 313 230 
#    in scenario 9 for all time periods :
192 246 333 376 372 352 373 480 484 532 563 498 504 489 384 416 376 409 475 510 489 396 309 227 
#    in scenario 10 for all time periods :
194 232 337 323 388 392 373 470 494 470 464 570 549 478 394 382 336 378 466 454 432 378 320 252 
#    in scenario 11 for all time periods :
194 263 313 319 384 374 442 398 421 504 516 582 454 515 403 386 360 431 413 476 463 378 313 235 
#    in scenario 12 for all time periods :
240 230 337 312 340 378 409 427 452 521 476 576 482 442 394 349 384 383 398 504 426 431 282 277 
#    in scenario 13 for all time periods :
221 230 286 365 396 356 373 394 510 498 551 528 549 468 437 349 392 405 418 532 437 409 299 249 
#    in scenario 14 for all time periods :
230 230 337 327 384 427 396 413 484 543 505 528 476 478 442 407 388 431 418 459 426 431 323 263 
#    in scenario 15 for all time periods :
223 252 316 319 356 422 419 437 437 538 499 546 510 426 384 344 388 383 398 504 484 431 313 277 
#    in scenario 16 for all time periods :
216 230 286 353 352 427 373 408 432 521 568 528 515 416 461 344 328 352 403 493 510 383 275 232 
#    in scenario 17 for all time periods :
230 269 337 312 376 422 368 408 473 459 510 498 470 510 466 420 376 431 418 526 432 440 306 241 
#    in scenario 18 for all time periods :
230 232 313 372 360 436 391 422 463 549 534 570 476 437 427 340 400 361 422 493 442 387 326 249 
#    in scenario 19 for all time periods :
240 224 320 353 384 440 446 384 452 498 470 480 504 478 413 412 372 405 394 560 489 422 309 255 
#Maximum capacity P+gs :
# generator 0 for all scenarios
487 414 369 423 400 400 382 460 469 491 528 519 455 450 437 482 487 396 464 373 
# generator 1 for all scenarios
373 501 446 432 519 441 446 469 428 441 446 446 514 455 496 532 419 505 387 423 
# generator 2 for all scenarios
143 152 133 120 107 116 156 104 107 124 156 152 104 155 143 147 118 117 146 129 
# generator 3 for all scenarios
151 140 156 120 150 138 117 138 129 122 105 142 126 134 122 107 122 150 116 142 
# generator 4 for all scenarios
186 164 177 130 180 172 151 131 149 168 185 188 160 175 188 186 172 157 138 141 
# generator 5 for all scenarios
74 66 91 82 76 68 88 86 76 93 70 69 90 94 66 91 92 71 94 81 
# generator 6 for all scenarios
69 93 95 91 76 83 83 79 84 82 94 76 89 76 87 94 79 93 77 98 
# generator 7 for all scenarios
56 62 63 49 64 52 50 65 52 54 64 64 64 56 56 65 50 49 46 53 
# generator 8 for all scenarios
50 54 56 62 44 65 59 61 53 47 59 59 62 58 59 49 56 64 56 52 
# generator 9 for all scenarios
64 51 52 51 53 58 63 66 49 61 51 46 62 54 57 54 50 50 49 62 
# generator 10 for all scenarios
514 546 455 387 364 364 464 396 496 473 541 382 410 478 546 546 410 532 491 519 
# generator 11 for all scenarios
437 464 537 450 487 541 528 414 464 478 437 364 428 423 505 537 514 369 519 478 
# generator 12 for all scenarios
135 151 152 118 146 133 133 121 112 139 121 130 113 113 140 124 107 104 118 127 
# generator 13 for all scenarios
126 144 148 142 136 120 108 131 131 152 151 142 110 153 140 138 152 126 124 116 
# generator 14 for all scenarios
191 144 141 133 186 133 175 193 191 164 185 167 133 154 193 147 167 168 181 147 
# generator 15 for all scenarios
68 69 69 89 76 95 76 94 94 73 92 72 64 78 74 78 94 90 64 88 
# generator 16 for all scenarios
88 93 86 71 100 73 71 82 96 97 83 82 81 84 81 68 78 80 97 82 
# generator 17 for all scenarios
48 65 49 45 62 59 65 61 56 57 64 45 56 49 61 53 51 54 51 53 
# generator 18 for all scenarios
61 58 59 54 53 53 64 65 63 53 54 56 63 52 55 57 58 59 45 61 
# generator 19 for all scenarios
49 57 59 47 64 48 47 51 48 47 47 48 50 50 58 60 53 55 57 59 
#Minimum capacity P-gs:
# generator 0 for all scenarios
159 153 167 144 130 132 162 160 156 146 148 146 152 130 167 169 129 132 152 165 
# generator 1 for all scenarios
164 153 177 122 160 165 164 134 129 124 144 180 150 162 142 124 124 150 136 164 
# generator 2 for all scenarios
24 24 23 17 23 20 20 17 16 24 16 19 22 17 23 18 24 22 22 23 
# generator 3 for all scenarios
22 22 23 19 24 20 19 21 24 20 17 18 17 18 19 19 18 23 17 24 
# generator 4 for all scenarios
26 29 22 22 29 20 29 24 21 20 29 23 21 28 27 25 30 26 26 21 
# generator 5 for all scenarios
16 24 21 23 23 19 22 23 19 23 21 18 21 17 24 16 24 17 18 18 
# generator 6 for all scenarios
21 24 23 25 28 22 28 26 27 26 28 30 27 21 24 29 22 26 27 21 
# generator 7 for all scenarios
10 9 9 9 10 9 10 12 12 9 10 11 9 12 11 8 12 12 12 12 
# generator 8 for all scenarios
9 8 12 9 11 9 11 9 10 11 12 12 11 10 8 9 10 11 12 12 
# generator 9 for all scenarios
11 11 10 9 12 9 12 10 8 11 10 11 9 8 9 9 11 11 8 12 
# generator 10 for all scenarios
140 154 144 122 120 150 144 130 167 124 169 154 158 168 158 129 129 153 140 147 
# generator 11 for all scenarios
147 153 150 164 159 174 138 178 159 141 167 171 150 126 130 154 140 178 152 160 
# generator 12 for all scenarios
17 24 24 16 21 21 20 19 19 17 18 23 19 21 21 17 22 22 17 21 
# generator 13 for all scenarios
23 20 22 16 22 23 16 22 24 18 22 21 18 22 19 16 22 16 16 17 
# generator 14 for all scenarios
30 30 27 29 26 24 22 27 26 24 29 24 28 26 26 22 29 25 27 25 
# generator 15 for all scenarios
21 20 16 22 24 24 22 17 20 24 21 16 19 23 22 20 21 17 18 20 
# generator 16 for all scenarios
22 27 28 20 22 30 23 29 21 30 29 24 20 30 20 30 29 20 20 21 
# generator 17 for all scenarios
9 10 11 11 9 10 12 9 11 11 8 11 11 8 11 8 8 11 11 11 
# generator 18 for all scenarios
8 9 11 9 8 8 10 9 10 11 10 10 8 9 11 9 12 11 10 10 
# generator 19 for all scenarios
8 10 11 8 11 10 10 9 11 12 8 10 10 9 11 8 12 12 9 11 
#Maximum ramping for all generators R+g :
250 250 80 80 25 20 25 10 10 10 250 250 80 80 25 20 25 10 10 10 
#Minimum ramping for all generators R-g :
150 150 20 20 25 20 25 10 10 10 150 150 20 20 25 20 25 10 10 10 
#Minimum up time for all generators UTg :
8 8 5 5 6 3 3 1 1 1 8 8 5 5 6 3 3 1 1 1 
#Minimum down time for all generators DTg :
8 8 5 5 6 3 3 1 1 1 8 8 5 5 6 3 3 1 1 1 
#Number of period : N=T
#Total reserve for all time periods Tt : 
60.0 70.0 85.0 95.0 100.0 110.0 115.0 120.0 130.0 140.0 145.0 150.0 140.0 130.0 120.0 105.0 100.0 110.0 120.0 140.0 130.0 110.0 85.0 70.0 
#Fast reserve for all time periods Ft : 
7.5 8.75 10.625 11.875 12.5 13.75 14.375 15.0 16.25 17.5 18.125 18.75 17.5 16.25 15.0 13.125 12.5 13.75 15.0 17.5 16.25 13.75 10.625 8.75 
#Susceptance Bls : 
#Line 0 in all scenarios
0.76 0.61 0.85 0.62 0.86 0.79 0.76 0.61 0.65 0.76 0.87 0.64 0.75 0.78 0.68 0.83 0.72 0.7 0.76 0.86 
#Line 1 in all scenarios
0.6 0.7 0.79 0.68 0.81 0.85 0.87 0.69 0.71 0.82 0.9 0.71 0.84 0.61 0.79 0.68 0.73 0.87 0.7 0.64 
#Line 2 in all scenarios
0.63 0.66 0.68 0.7 0.7 0.74 0.79 0.88 0.78 0.76 0.86 0.8 0.71 0.83 0.9 0.88 0.9 0.79 0.82 0.6 
#Line 3 in all scenarios
0.73 0.89 0.85 0.65 0.67 0.86 0.76 0.73 0.87 0.84 0.72 0.76 0.88 0.79 0.79 0.69 0.77 0.64 0.9 0.8 
#Line 4 in all scenarios
0.72 0.78 0.61 0.87 0.8 0.66 0.77 0.86 0.81 0.72 0.67 0.84 0.62 0.86 0.75 0.76 0.86 0.79 0.83 0.74 
#Line 5 in all scenarios
0.7 0.69 0.64 0.88 0.78 0.7 0.85 0.6 0.81 0.86 0.88 0.84 0.86 0.87 0.69 0.61 0.61 0.63 0.81 0.7 
#Line 6 in all scenarios
0.63 0.78 0.81 0.78 0.89 0.75 0.78 0.85 0.66 0.79 0.75 0.89 0.87 0.83 0.63 0.86 0.6 0.89 0.76 0.62 
#Line 7 in all scenarios
0.79 0.62 0.78 0.83 0.64 0.67 0.85 0.61 0.88 0.64 0.86 0.63 0.8 0.64 0.88 0.81 0.61 0.86 0.9 0.87 
#Line 8 in all scenarios
0.63 0.68 0.88 0.69 0.74 0.85 0.88 0.85 0.6 0.78 0.9 0.81 0.87 0.85 0.84 0.62 0.62 0.86 0.79 0.89 
#Line 9 in all scenarios
0.84 0.81 0.9 0.68 0.63 0.77 0.73 0.66 0.61 0.81 0.83 0.84 0.89 0.78 0.71 0.61 0.72 0.71 0.64 0.61 
#Line 10 in all scenarios
0.79 0.64 0.62 0.72 0.71 0.82 0.68 0.72 0.84 0.74 0.88 0.76 0.88 0.78 0.66 0.85 0.78 0.76 0.78 0.81 
#Line 11 in all scenarios
0.8 0.6 0.68 0.86 0.75 0.89 0.69 0.7 0.6 0.79 0.75 0.64 0.71 0.82 0.67 0.74 0.77 0.89 0.74 0.65 
#Line 12 in all scenarios
0.76 0.7 0.82 0.66 0.61 0.77 0.67 0.88 0.6 0.9 0.66 0.83 0.63 0.73 0.61 0.78 0.88 0.9 0.89 0.63 
#Line 13 in all scenarios
0.86 0.76 0.69 0.83 0.83 0.76 0.86 0.69 0.61 0.79 0.61 0.67 0.66 0.62 0.81 0.76 0.73 0.68 0.78 0.66 
#Line 14 in all scenarios
0.74 0.69 0.68 0.66 0.61 0.73 0.83 0.72 0.61 0.65 0.63 0.88 0.65 0.66 0.69 0.65 0.81 0.79 0.61 0.61 
#Maximum capacity of all lines TCl : 
667 667 667 667 667 667 667 667 667 667 667 667 667 667 667 
#Fast reserve limit of all generators FRg : 
250 250 80 80 25 20 25 10 10 10 250 250 80 80 25 20 25 10 10 10 
#No import groups ICj 
#No polarity gamma-jl 
