#Number of generators G :
20
#Gs :
1 3 4 6 7 8 9 10 12 13 16 17 18 19 20 
#Gf :
2 5 11 14 15 
#S :
10
#T :
96
#L :
15
#N :
5
#Gn (one line contains indices of generators at a node) :
#node 0
1 2 3 4 5 
#node 1
6 7 8 9 10 
#node 2
11 12 13 14 15 
#node 3
16 17 18 19 
#node 4
20 
#LIn (one line contains incoming lines at a node) :
#node 0
5-1 4-1 3-1 
#node 1
1-2 5-2 4-2 
#node 2
2-3 1-3 5-3 
#node 3
3-4 2-4 1-4 
#node 4
4-5 3-5 2-5 
#LOn (one line contains outgoing lines at a node) :
#node 0
1-2 1-3 1-4 
#node 1
2-3 2-4 2-5 
#node 2
3-4 3-5 3-1 
#node 3
4-5 4-1 4-2 
#node 4
5-1 5-2 5-3 
#No import group IG
#No lines in import groups IGj 
#Probability of each scenario ps : 
0.1 0.1 0.1 0.1 0.1 0.1 0.1 0.1 0.1 0.1 
#minimum load cost of generators Kg :
1000 970 700 680 450 370 480 660 665 670 1000 970 700 680 450 370 480 660 665 670 
#start-up of generators Sg :
4500 5000 550 560 900 170 260 30 30 30 4500 5000 550 560 900 170 260 30 30 30 
#marginal cost of generators Cg :
16.19 17.26 16.6 16.5 19.7 22.26 27.74 25.92 27.27 27.79 16.19 17.26 16.6 16.5 19.7 22.26 27.74 25.92 27.27 27.79 
#demand Dnst :
# at node 0
#    in scenario 0 for all time periods :
218 232 272 353 368 431 437 394 447 521 534 504 498 447 418 357 352 383 442 510 473 352 299 246 192 246 282 346 324 383 396 442 510 543 563 564 487 515 437 361 344 431 461 510 432 422 272 269 235 246 326 334 368 414 382 466 416 554 545 510 487 432 398 391 376 418 480 476 489 387 326 249 209 272 299 369 332 361 409 398 463 493 557 534 448 447 403 349 384 409 437 459 510 387 326 255 
#    in scenario 1 for all time periods :
235 258 289 346 396 352 432 451 473 515 522 552 515 489 408 403 388 392 418 538 510 431 316 246 214 244 330 323 344 418 428 451 478 476 563 594 487 442 475 336 348 436 442 476 473 405 303 232 240 244 337 357 324 405 428 461 478 493 493 522 454 499 384 336 380 440 408 554 421 352 306 272 223 277 323 327 372 383 432 389 421 476 534 510 554 510 470 349 348 405 389 448 478 440 326 258 
#    in scenario 2 for all time periods :
199 280 275 304 380 387 423 389 473 498 545 510 554 510 461 365 356 392 480 487 468 370 286 235 221 277 313 315 364 392 423 432 426 526 516 600 476 442 466 374 360 370 408 482 458 361 282 224 192 263 323 372 368 365 455 451 463 510 539 582 549 432 394 365 380 378 446 470 426 356 282 246 223 249 316 338 340 361 432 461 478 465 574 582 510 489 408 399 368 431 408 487 473 400 309 227 
#    in scenario 3 for all time periods :
199 232 340 369 348 361 446 461 421 498 545 594 526 416 427 357 332 370 446 549 510 383 272 227 214 227 296 308 352 378 377 466 515 560 557 588 526 442 446 344 380 422 446 454 442 405 323 277 194 258 272 338 384 400 455 403 442 538 516 588 532 520 480 386 384 427 446 554 421 414 279 258 199 238 279 376 356 370 432 389 447 476 534 546 521 447 475 399 388 352 432 498 426 352 272 255 
#    in scenario 4 for all time periods :
235 260 323 323 400 356 382 442 452 543 499 516 526 494 403 370 352 409 451 498 473 378 313 227 240 258 282 323 344 370 386 475 452 538 534 600 493 468 456 391 360 383 470 487 463 400 296 269 192 249 313 372 396 405 428 394 520 459 522 510 459 473 403 336 340 378 470 498 510 387 313 280 192 258 279 369 348 400 400 461 437 521 476 558 515 463 442 420 344 383 432 510 489 400 303 230 
#    in scenario 5 for all time periods :
216 224 326 361 348 422 373 475 416 560 551 546 560 437 427 340 388 440 413 498 458 418 323 244 228 266 309 365 356 414 437 422 447 526 563 492 560 489 432 361 360 356 403 493 489 396 316 252 209 241 320 365 388 370 446 480 489 498 574 486 493 426 451 395 344 440 408 538 510 436 323 249 209 272 299 331 364 383 382 384 421 521 487 582 504 489 389 361 388 431 470 549 484 356 292 272 
#    in scenario 6 for all time periods :
223 263 313 315 376 427 455 389 442 554 499 552 560 504 442 336 344 422 451 470 452 387 289 280 192 277 333 372 320 436 409 394 510 476 481 516 521 489 403 349 372 370 418 476 458 378 296 274 211 274 326 331 336 418 455 480 458 476 539 600 532 452 432 386 320 409 408 476 426 440 279 258 233 260 306 338 400 356 377 456 452 476 563 582 459 463 427 353 336 356 466 448 515 383 316 232 
#    in scenario 7 for all time periods :
235 255 289 319 396 409 451 466 452 482 470 480 510 421 403 395 336 414 408 521 468 396 313 244 206 280 326 319 340 436 409 437 478 493 545 558 510 452 422 336 340 400 451 549 452 405 279 246 197 224 282 327 324 374 414 413 510 459 539 570 549 520 398 349 336 396 422 487 447 409 306 232 228 249 323 323 336 427 391 446 447 470 557 576 538 520 384 407 328 365 422 465 442 436 275 227 
#    in scenario 8 for all time periods :
194 260 333 369 364 422 409 427 421 487 528 528 510 468 413 357 384 374 422 448 473 356 299 232 240 235 279 334 396 396 437 437 426 498 534 576 454 468 446 407 384 409 422 538 416 370 340 230 226 277 306 369 328 383 451 384 499 454 574 588 510 426 408 340 340 392 389 476 473 405 316 258 194 224 323 338 348 361 414 394 478 465 568 576 454 421 422 370 348 352 442 476 421 392 289 244 
#    in scenario 9 for all time periods :
230 266 316 312 376 405 400 442 499 526 464 522 521 484 456 407 372 440 437 459 484 436 296 244 192 258 340 319 332 409 460 451 426 454 568 492 554 452 422 382 400 387 451 470 468 356 279 277 228 258 279 376 352 427 419 475 463 498 470 564 487 504 389 370 328 374 470 482 416 409 299 244 199 224 330 372 344 436 409 456 489 448 528 492 454 452 466 361 364 352 442 510 504 361 326 235 
# at node 1
#    in scenario 0 for all time periods :
240 230 309 334 340 431 451 398 484 454 563 528 454 510 408 420 392 361 394 532 494 370 323 244 221 280 326 342 392 436 386 413 520 459 574 504 504 447 456 370 336 383 437 510 463 352 296 280 192 269 282 361 392 361 437 398 504 482 557 570 493 432 427 386 332 414 398 510 489 361 299 249 240 246 289 327 352 370 419 442 458 526 510 594 459 452 475 344 328 352 427 510 499 431 337 246 
#    in scenario 1 for all time periods :
194 230 296 331 356 370 446 394 484 532 470 600 515 489 384 412 400 431 398 543 447 365 272 235 233 224 309 350 336 374 460 418 437 560 551 504 498 489 398 395 348 365 466 448 447 427 279 230 204 277 286 369 392 365 409 461 478 554 545 528 493 421 475 403 324 383 408 538 515 418 299 244 214 235 320 365 328 370 409 456 463 543 505 558 470 437 456 399 324 374 470 554 421 409 340 252 
#    in scenario 2 for all time periods :
211 274 299 346 392 431 386 432 437 454 528 516 498 504 437 391 348 422 480 521 416 427 272 266 233 252 320 338 324 431 414 466 447 504 522 594 476 442 394 382 376 396 437 515 432 418 299 260 218 244 340 346 400 400 432 408 437 465 534 480 482 452 394 357 396 400 442 493 468 405 326 227 199 260 306 350 372 409 377 384 421 482 476 522 482 478 461 361 376 431 408 498 494 396 279 224 
#    in scenario 3 for all time periods :
192 244 337 350 376 436 368 384 432 510 481 552 538 478 384 340 364 370 418 498 437 431 333 227 218 266 272 380 324 378 432 427 416 498 545 576 532 520 394 365 400 365 384 493 499 396 286 241 199 266 323 376 340 352 432 480 416 465 516 516 487 510 470 361 356 440 442 482 510 409 316 277 192 255 309 312 324 387 455 466 426 493 476 480 448 515 446 420 348 427 461 510 432 383 275 227 
#    in scenario 4 for all time periods :
192 238 303 323 364 356 405 398 484 482 557 558 532 484 413 353 376 392 461 510 504 370 292 272 216 238 292 369 372 383 451 422 473 526 464 504 543 463 389 382 388 356 456 549 426 383 303 280 209 235 306 342 384 414 409 475 426 482 516 540 459 452 398 340 380 440 480 487 437 409 333 235 192 244 272 342 376 405 451 422 520 476 464 480 510 499 470 357 324 370 384 493 416 392 292 235 
#    in scenario 5 for all time periods :
192 230 289 331 344 427 419 437 510 465 580 498 554 432 461 416 384 409 480 526 452 365 320 272 197 255 330 376 344 422 386 394 458 515 470 600 504 468 422 370 344 414 418 448 442 405 309 227 211 224 289 361 384 440 419 470 489 532 551 528 510 437 427 344 392 431 437 549 515 405 272 252 202 246 330 338 324 427 377 480 458 510 568 546 493 442 418 340 320 400 470 504 426 436 337 232 
#    in scenario 6 for all time periods :
204 230 275 327 352 440 455 480 416 498 470 498 549 489 456 407 348 392 394 560 426 378 323 232 202 263 275 327 332 383 428 398 416 482 481 552 448 416 480 416 396 422 437 465 442 400 299 255 211 260 316 323 380 422 432 451 463 454 522 510 465 515 475 378 356 374 442 549 447 414 272 260 238 246 303 342 340 383 409 403 478 448 545 528 476 447 466 391 392 427 466 549 458 378 333 255 
#    in scenario 7 for all time periods :
226 252 306 338 396 427 446 480 494 543 557 594 510 416 432 344 324 414 475 543 452 387 299 269 230 235 282 369 392 418 419 418 520 526 522 522 560 442 446 412 380 409 456 515 515 378 275 266 221 260 313 342 352 418 400 403 458 470 476 486 487 515 432 412 388 396 389 504 494 387 282 263 194 249 279 376 388 400 391 418 426 482 476 498 448 489 427 382 400 427 389 560 421 356 333 224 
#    in scenario 8 for all time periods :
209 272 272 312 392 396 386 470 463 538 580 522 543 504 480 378 352 374 475 549 452 414 279 266 223 235 320 372 376 352 451 413 478 549 505 510 448 447 389 378 372 392 413 487 442 374 323 235 233 249 326 334 360 356 396 475 452 538 481 558 465 463 475 340 356 392 403 538 515 392 279 224 235 255 326 304 356 365 382 475 416 493 528 516 526 463 461 349 368 383 418 504 515 378 316 244 
#    in scenario 9 for all time periods :
194 260 337 350 364 396 382 480 426 493 505 552 498 510 422 378 356 387 432 560 468 396 333 235 240 235 299 319 332 374 405 398 458 543 464 552 515 515 456 382 320 352 389 487 442 405 337 258 221 252 306 346 396 409 437 480 489 560 545 528 493 463 461 344 388 436 384 482 468 405 330 249 197 230 292 369 396 396 377 470 447 526 470 534 454 416 413 340 400 370 456 515 416 440 299 224 
# at node 2
#    in scenario 0 for all time periods :
218 235 320 331 340 370 455 480 515 526 545 594 554 421 398 403 380 431 408 515 432 431 303 258 199 230 289 323 332 418 451 466 520 454 499 582 454 421 384 395 364 374 398 487 499 400 279 269 209 230 320 350 384 418 368 418 458 510 487 546 498 515 413 336 328 387 398 487 504 405 333 232 199 258 303 361 400 409 446 413 463 448 481 516 476 515 437 378 320 392 394 543 478 436 306 227 
#    in scenario 1 for all time periods :
194 266 279 372 320 436 396 432 504 515 493 504 448 520 389 361 384 392 422 476 442 383 289 246 218 224 282 346 392 387 386 389 421 510 464 480 448 484 461 370 360 370 446 470 458 374 316 255 235 241 313 346 372 418 442 475 484 476 539 600 549 515 456 407 392 370 437 493 468 392 309 272 240 235 323 304 396 396 391 461 447 476 557 576 470 484 451 357 320 431 442 532 463 392 279 263 
#    in scenario 2 for all time periods :
216 230 320 376 356 365 414 466 447 510 493 540 515 458 384 399 364 409 408 465 489 427 333 252 211 224 316 353 368 356 396 470 416 521 557 516 487 432 461 340 360 414 451 560 458 414 320 255 228 258 309 323 352 387 368 427 437 454 516 540 476 426 442 386 376 409 427 504 442 405 323 244 221 246 296 338 384 422 414 384 478 498 557 480 549 499 456 395 388 414 475 554 421 422 292 252 
#    in scenario 3 for all time periods :
233 263 316 327 356 422 368 456 504 554 545 486 498 463 470 407 376 405 451 470 468 356 279 263 202 269 282 380 324 422 409 470 515 510 545 510 476 468 470 374 388 431 422 510 416 356 296 235 194 280 286 361 396 352 451 432 494 487 470 570 498 442 422 412 400 361 389 493 473 387 286 235 209 260 272 308 360 378 455 413 504 549 580 594 482 499 384 336 356 392 408 498 468 396 299 260 
#    in scenario 4 for all time periods :
230 258 275 342 376 374 428 398 463 465 557 504 470 437 394 386 372 418 466 549 437 400 316 227 204 263 272 327 348 352 460 413 458 510 568 600 504 473 442 391 356 361 398 487 510 361 296 227 235 277 333 346 356 414 460 437 463 465 534 528 504 426 408 416 336 409 398 498 416 383 272 263 235 274 272 369 320 436 419 461 447 470 464 528 454 463 394 382 360 400 427 560 447 396 323 272 
#    in scenario 5 for all time periods :
192 252 313 331 332 383 442 451 426 560 510 528 476 458 418 395 320 370 432 459 468 352 289 230 216 238 316 334 380 436 373 427 432 538 551 516 498 515 470 391 396 365 413 510 499 356 299 224 218 224 299 357 344 414 414 389 447 482 568 528 538 426 403 399 356 414 413 515 504 405 289 263 233 246 320 365 400 356 437 408 504 543 563 576 510 447 456 382 384 409 470 532 515 356 326 272 
#    in scenario 6 for all time periods :
211 246 303 372 380 422 432 427 504 515 510 498 454 463 456 382 324 409 418 549 484 361 316 227 211 238 292 369 352 387 423 389 426 498 580 570 454 473 389 357 372 383 408 510 421 396 286 238 223 280 289 353 376 383 437 446 416 510 493 486 504 432 437 344 376 414 432 538 421 422 299 263 194 232 296 315 352 370 423 398 452 543 470 498 515 458 403 407 328 352 408 526 510 352 292 235 
#    in scenario 7 for all time periods :
199 258 275 334 348 356 460 422 442 482 539 552 543 510 461 386 388 431 475 554 499 378 282 238 206 227 279 319 344 405 437 475 416 454 574 540 482 494 446 412 320 396 470 465 432 422 282 252 223 258 279 312 320 378 409 461 473 526 499 504 448 468 446 357 392 440 427 532 458 383 296 260 214 252 286 331 368 422 400 446 432 554 510 528 493 421 418 340 340 422 456 532 484 352 289 232 
#    in scenario 8 for all time periods :
238 246 275 365 368 383 373 446 447 504 574 564 521 432 403 420 396 352 446 476 520 356 337 263 238 227 326 334 360 405 377 394 468 476 551 582 470 468 466 403 332 422 466 526 447 400 292 246 216 272 330 369 380 361 428 466 473 487 534 546 487 520 461 395 368 400 451 510 421 374 306 246 221 260 323 331 396 409 446 456 442 526 557 570 454 478 466 399 376 392 432 515 416 396 275 269 
#    in scenario 9 for all time periods :
226 235 275 380 356 405 377 470 473 526 493 588 543 437 475 416 376 383 422 493 489 383 309 241 233 249 340 334 368 422 432 413 499 510 539 510 459 468 446 382 332 392 408 554 447 414 272 277 230 260 292 319 328 378 442 403 447 515 464 510 465 468 466 370 328 427 446 493 458 427 340 269 209 232 303 357 352 405 460 480 437 454 539 504 498 489 446 344 400 422 461 549 520 427 340 224 
# at node 3
#    in scenario 0 for all time periods :
192 260 289 376 376 405 400 394 463 554 510 522 482 432 446 386 392 370 418 493 499 422 306 244 240 249 272 357 364 374 409 427 421 549 464 570 538 447 394 361 384 436 408 521 468 361 292 260 226 280 282 372 320 361 442 413 504 538 528 510 476 499 451 370 384 418 432 521 421 370 303 263 199 230 337 304 344 356 382 427 442 470 545 594 493 426 427 412 336 392 403 465 426 374 333 266 
#    in scenario 1 for all time periods :
202 252 279 323 340 387 437 480 484 470 568 480 459 504 403 412 392 374 470 538 432 370 320 280 216 230 330 304 384 365 377 418 426 470 568 492 504 463 422 386 396 418 466 532 421 370 337 280 223 232 279 334 320 365 396 384 437 504 493 546 487 468 442 382 324 361 446 482 421 374 282 238 240 272 299 346 348 422 391 470 421 493 563 588 493 442 422 407 328 431 437 493 478 418 333 277 
#    in scenario 2 for all time periods :
218 238 296 334 396 374 382 398 504 459 499 486 510 442 403 416 356 431 408 549 489 352 282 241 206 258 306 380 336 431 409 394 468 498 534 594 515 478 408 407 352 387 466 504 484 427 316 258 235 280 296 323 344 422 451 384 426 504 580 534 515 437 451 407 388 418 398 560 447 356 333 244 209 269 313 369 392 374 386 403 499 487 522 528 482 468 475 407 376 396 408 521 458 356 316 272 
#    in scenario 3 for all time periods :
199 246 337 327 328 352 382 398 447 560 557 516 498 442 470 340 400 427 480 498 504 392 337 238 240 232 272 380 384 392 386 466 437 454 568 582 560 504 422 374 332 352 470 560 468 352 306 252 197 280 320 331 384 418 391 413 494 493 574 564 532 416 451 357 388 396 408 521 478 431 309 227 211 258 337 338 392 405 409 427 432 549 563 522 476 442 422 349 348 414 451 538 426 431 323 227 
#    in scenario 4 for all time periods :
216 260 306 372 328 378 455 413 421 532 464 576 465 499 451 365 332 414 427 448 463 383 326 260 192 252 292 312 332 352 396 446 421 504 470 510 498 494 451 382 352 370 480 498 494 356 323 260 202 232 340 353 380 392 368 451 504 448 464 528 493 520 389 374 352 427 413 482 437 365 340 260 223 274 326 346 336 396 405 456 447 459 476 594 560 442 437 357 364 409 456 532 437 370 326 274 
#    in scenario 5 for all time periods :
194 249 323 327 340 387 368 418 515 554 505 546 482 510 432 395 344 383 451 521 447 370 340 255 238 255 286 334 360 361 428 432 494 549 557 570 476 458 394 382 400 352 446 454 463 418 299 280 192 235 296 376 320 374 451 413 478 515 568 528 526 504 432 361 356 374 480 476 468 405 292 258 216 260 306 331 360 374 405 398 489 549 574 528 526 489 398 361 384 409 451 554 463 409 309 227 
#    in scenario 6 for all time periods :
238 249 292 350 376 352 446 446 432 526 516 564 459 520 384 344 332 405 475 521 447 387 299 258 228 258 279 369 320 352 382 442 494 504 499 546 549 447 475 370 388 374 466 498 484 431 306 260 238 252 272 372 400 427 409 461 442 560 476 534 515 520 470 412 328 396 451 493 442 405 306 272 209 269 289 327 388 352 414 418 510 538 470 582 549 458 422 357 400 396 470 560 484 361 333 255 
#    in scenario 7 for all time periods :
218 277 275 353 380 383 382 475 458 532 580 570 532 421 403 416 340 436 466 465 442 409 272 232 216 246 289 357 324 422 391 451 520 538 557 516 493 447 480 370 372 374 432 504 416 436 320 255 218 235 299 380 332 431 414 427 478 487 499 588 504 473 475 403 388 370 394 465 478 400 326 274 211 232 279 315 376 405 377 398 494 532 487 486 549 432 456 365 368 383 422 532 416 396 323 235 
#    in scenario 8 for all time periods :
221 241 326 323 340 409 442 446 442 538 470 522 476 484 384 391 320 431 398 504 442 414 309 269 211 269 323 342 388 400 368 475 447 487 499 522 554 458 456 374 336 440 422 560 468 436 320 249 240 244 303 346 388 396 419 461 426 543 528 534 560 452 466 370 388 422 427 476 432 356 309 227 233 227 296 338 352 387 455 398 494 526 522 486 510 437 442 378 376 365 427 504 489 356 323 274 
#    in scenario 9 for all time periods :
226 224 326 308 356 365 382 427 499 549 505 594 549 494 427 378 372 392 432 549 447 440 299 258 221 244 320 365 400 414 414 451 463 543 510 594 554 520 422 382 368 370 394 504 499 374 275 260 202 232 303 327 348 392 396 451 468 504 499 582 504 432 466 395 360 400 456 521 473 392 299 269 214 241 320 334 364 418 446 446 504 515 551 564 459 458 403 340 360 414 418 554 484 370 330 232 
# at node 4
#    in scenario 0 for all time periods :
202 252 279 308 324 356 419 475 504 554 487 600 538 437 427 420 340 396 451 448 458 392 316 277 209 238 292 372 400 400 442 446 442 493 499 516 454 489 475 391 320 431 466 487 426 356 303 244 233 232 299 346 396 374 446 456 447 510 522 582 549 478 442 412 388 405 398 459 468 356 303 269 192 274 306 353 364 374 377 437 463 459 493 594 538 416 384 416 392 383 466 554 510 392 320 252 
#    in scenario 1 for all time periods :
226 274 330 372 360 356 460 422 437 459 574 480 560 504 432 353 396 378 437 459 468 422 326 227 233 235 306 346 368 392 405 432 416 515 539 480 504 510 480 386 324 378 432 454 504 427 286 238 206 252 286 357 336 436 460 461 458 454 487 546 454 437 451 416 348 370 398 476 437 356 333 258 240 280 289 327 364 370 396 437 520 482 510 582 510 484 466 357 392 422 418 465 510 387 320 280 
#    in scenario 2 for all time periods :
211 241 326 338 344 378 414 403 484 476 551 528 560 458 394 353 384 436 442 532 489 365 275 272 202 260 282 327 368 356 455 475 421 521 568 564 549 499 432 416 344 422 461 493 432 436 313 258 235 258 296 323 340 440 437 437 416 549 516 594 532 489 442 344 336 418 475 487 489 356 289 252 194 232 286 338 344 431 382 442 421 515 493 486 487 489 389 365 340 378 461 498 468 378 313 255 
#    in scenario 3 for all time periods :
202 272 337 380 376 400 455 418 421 454 563 492 560 416 461 340 364 418 408 515 442 365 309 224 194 230 299 350 392 400 428 466 463 465 505 504 487 489 475 349 324 422 384 498 442 440 303 263 240 255 320 372 348 405 400 398 499 543 505 486 482 473 437 370 368 440 461 448 494 365 275 260 202 263 272 308 320 361 423 451 520 470 557 498 532 515 394 403 392 409 437 498 499 387 306 255 
#    in scenario 4 for all time periods :
240 263 306 308 376 422 428 398 489 476 499 558 560 442 456 370 328 383 398 454 478 440 286 244 214 232 309 376 392 427 373 389 499 510 510 576 538 432 475 420 332 436 413 470 458 365 316 235 218 244 299 376 348 440 428 456 426 554 516 570 543 515 456 349 356 400 413 493 499 392 292 258 199 246 309 361 392 365 437 470 468 515 568 600 532 416 432 391 336 436 427 465 421 440 275 249 
#    in scenario 5 for all time periods :
216 246 275 365 332 418 428 389 458 448 505 576 521 510 408 420 368 365 389 482 494 378 279 280 206 249 286 304 396 400 377 432 478 448 563 600 498 421 394 357 324 440 446 482 437 361 320 280 240 272 286 323 328 370 368 437 520 465 534 576 521 510 461 378 372 396 427 504 442 392 289 274 209 280 299 369 380 370 377 432 494 515 557 570 526 504 475 403 336 440 480 476 426 370 296 252 
#    in scenario 6 for all time periods :
230 277 289 376 380 400 442 432 458 543 545 510 543 515 408 361 332 422 480 454 510 409 323 241 214 224 316 353 380 365 409 480 463 554 481 534 543 484 422 344 388 409 480 487 421 405 316 235 216 238 289 342 372 409 377 384 473 476 545 528 487 447 451 349 360 400 394 470 473 431 275 232 218 280 275 346 336 374 428 418 473 465 545 534 543 489 422 374 376 387 418 454 489 418 340 255 
#    in scenario 7 for all time periods :
214 249 333 338 400 365 405 456 426 498 516 498 476 510 408 382 352 365 446 521 520 352 313 272 233 241 275 323 384 422 419 432 504 487 528 552 526 489 394 344 372 387 432 498 421 370 320 255 230 232 313 319 396 365 377 418 416 504 487 582 560 426 432 361 344 365 432 554 432 400 330 255 206 274 323 342 344 431 455 456 458 448 470 600 526 432 422 365 376 374 427 504 510 378 333 263 
#    in scenario 8 for all time periods :
228 246 320 323 380 374 432 389 484 543 528 588 465 432 408 353 388 405 456 465 442 378 333 252 221 269 303 312 336 378 386 446 510 515 534 504 498 447 432 370 344 392 394 515 484 387 320 272 216 235 272 361 376 370 409 408 416 487 499 552 465 437 418 361 376 383 418 526 510 392 313 241 230 230 316 365 380 356 391 480 484 448 510 534 476 504 408 420 380 396 466 543 468 431 272 260 
#    in scenario 9 for all time periods :
226 255 333 357 356 356 451 470 463 515 545 588 515 426 398 340 396 361 451 470 510 370 337 266 216 238 313 308 356 374 446 456 510 543 505 480 504 426 384 395 400 414 470 560 437 356 323 269 218 258 320 327 368 414 423 470 468 515 522 582 532 437 442 395 336 431 466 549 421 365 289 227 218 244 296 357 364 352 382 456 473 493 464 546 470 416 451 395 376 436 475 448 452 436 313 266 
#Maximum capacity P+gs :
# generator 0 for all scenarios
487 419 378 496 446 423 528 441 505 546 
# generator 1 for all scenarios
491 450 373 455 414 528 482 528 460 510 
# generator 2 for all scenarios
125 129 117 135 138 138 138 155 139 118 
# generator 3 for all scenarios
152 108 151 129 146 122 126 135 136 122 
# generator 4 for all scenarios
131 178 138 144 138 162 178 178 147 162 
# generator 5 for all scenarios
92 87 90 96 96 68 96 71 74 94 
# generator 6 for all scenarios
94 74 102 80 96 72 85 80 72 82 
# generator 7 for all scenarios
52 65 58 58 54 45 56 54 48 63 
# generator 8 for all scenarios
59 66 62 63 59 45 56 52 63 54 
# generator 9 for all scenarios
61 56 64 46 57 45 55 60 55 63 
# generator 10 for all scenarios
391 428 528 364 414 510 510 469 473 469 
# generator 11 for all scenarios
396 546 428 373 455 414 432 369 455 364 
# generator 12 for all scenarios
108 126 126 127 112 110 127 108 136 138 
# generator 13 for all scenarios
133 131 118 116 114 151 148 131 129 112 
# generator 14 for all scenarios
139 172 162 154 157 147 160 173 167 154 
# generator 15 for all scenarios
95 88 91 83 74 95 82 69 73 88 
# generator 16 for all scenarios
79 87 86 71 92 71 71 98 83 82 
# generator 17 for all scenarios
51 65 45 47 50 62 65 50 44 51 
# generator 18 for all scenarios
59 52 63 64 63 45 50 49 51 46 
# generator 19 for all scenarios
63 55 54 46 49 57 64 45 51 56 
#Minimum capacity P-gs:
# generator 0 for all scenarios
147 153 140 172 146 174 167 180 124 124 
# generator 1 for all scenarios
142 162 167 134 177 158 165 129 147 130 
# generator 2 for all scenarios
23 20 23 17 21 20 18 19 23 22 
# generator 3 for all scenarios
20 23 19 17 24 17 24 23 20 16 
# generator 4 for all scenarios
28 26 26 21 22 26 20 25 26 28 
# generator 5 for all scenarios
19 23 22 22 16 24 24 23 23 20 
# generator 6 for all scenarios
26 20 29 27 21 28 28 28 23 22 
# generator 7 for all scenarios
10 9 8 10 10 11 10 12 9 9 
# generator 8 for all scenarios
12 10 8 11 9 12 12 9 9 11 
# generator 9 for all scenarios
9 11 11 9 10 10 11 9 10 11 
# generator 10 for all scenarios
180 148 141 138 162 148 153 150 135 180 
# generator 11 for all scenarios
138 135 147 142 150 164 165 176 120 150 
# generator 12 for all scenarios
22 24 22 19 20 19 23 21 20 20 
# generator 13 for all scenarios
17 18 20 20 20 18 23 17 23 21 
# generator 14 for all scenarios
27 23 29 24 21 21 24 25 23 25 
# generator 15 for all scenarios
22 18 17 22 21 16 19 20 18 17 
# generator 16 for all scenarios
29 22 20 30 24 26 27 22 27 25 
# generator 17 for all scenarios
10 10 12 12 10 11 12 11 12 9 
# generator 18 for all scenarios
10 10 10 11 12 10 10 9 9 12 
# generator 19 for all scenarios
10 12 9 9 8 10 9 8 10 10 
#Maximum ramping for all generators R+g :
250 250 80 80 25 20 25 10 10 10 250 250 80 80 25 20 25 10 10 10 
#Minimum ramping for all generators R-g :
150 150 20 20 25 20 25 10 10 10 150 150 20 20 25 20 25 10 10 10 
#Minimum up time for all generators UTg :
8 8 5 5 6 3 3 1 1 1 8 8 5 5 6 3 3 1 1 1 
#Minimum down time for all generators DTg :
8 8 5 5 6 3 3 1 1 1 8 8 5 5 6 3 3 1 1 1 
#Number of period : N=T
#Total reserve for all time periods Tt : 
60.0 70.0 85.0 95.0 100.0 110.0 115.0 120.0 130.0 140.0 145.0 150.0 140.0 130.0 120.0 105.0 100.0 110.0 120.0 140.0 130.0 110.0 85.0 70.0 60.0 70.0 85.0 95.0 100.0 110.0 115.0 120.0 130.0 140.0 145.0 150.0 140.0 130.0 120.0 105.0 100.0 110.0 120.0 140.0 130.0 110.0 85.0 70.0 60.0 70.0 85.0 95.0 100.0 110.0 115.0 120.0 130.0 140.0 145.0 150.0 140.0 130.0 120.0 105.0 100.0 110.0 120.0 140.0 130.0 110.0 85.0 70.0 60.0 70.0 85.0 95.0 100.0 110.0 115.0 120.0 130.0 140.0 145.0 150.0 140.0 130.0 120.0 105.0 100.0 110.0 120.0 140.0 130.0 110.0 85.0 70.0 
#Fast reserve for all time periods Ft : 
7.5 8.75 10.625 11.875 12.5 13.75 14.375 15.0 16.25 17.5 18.125 18.75 17.5 16.25 15.0 13.125 12.5 13.75 15.0 17.5 16.25 13.75 10.625 8.75 7.5 8.75 10.625 11.875 12.5 13.75 14.375 15.0 16.25 17.5 18.125 18.75 17.5 16.25 15.0 13.125 12.5 13.75 15.0 17.5 16.25 13.75 10.625 8.75 7.5 8.75 10.625 11.875 12.5 13.75 14.375 15.0 16.25 17.5 18.125 18.75 17.5 16.25 15.0 13.125 12.5 13.75 15.0 17.5 16.25 13.75 10.625 8.75 7.5 8.75 10.625 11.875 12.5 13.75 14.375 15.0 16.25 17.5 18.125 18.75 17.5 16.25 15.0 13.125 12.5 13.75 15.0 17.5 16.25 13.75 10.625 8.75 
#Susceptance Bls : 
#Line 0 in all scenarios
0.8 0.88 0.71 0.71 0.71 0.7 0.87 0.83 0.9 0.63 
#Line 1 in all scenarios
0.72 0.88 0.62 0.71 0.74 0.82 0.64 0.6 0.71 0.67 
#Line 2 in all scenarios
0.73 0.73 0.61 0.8 0.74 0.61 0.62 0.7 0.72 0.68 
#Line 3 in all scenarios
0.86 0.66 0.79 0.72 0.74 0.69 0.73 0.63 0.7 0.6 
#Line 4 in all scenarios
0.63 0.69 0.67 0.68 0.83 0.72 0.82 0.74 0.78 0.76 
#Line 5 in all scenarios
0.62 0.77 0.6 0.81 0.78 0.7 0.82 0.81 0.76 0.61 
#Line 6 in all scenarios
0.61 0.84 0.62 0.75 0.69 0.85 0.74 0.78 0.78 0.9 
#Line 7 in all scenarios
0.6 0.73 0.7 0.87 0.63 0.85 0.74 0.63 0.83 0.63 
#Line 8 in all scenarios
0.87 0.74 0.69 0.76 0.89 0.82 0.61 0.65 0.86 0.88 
#Line 9 in all scenarios
0.67 0.74 0.68 0.6 0.7 0.62 0.66 0.74 0.73 0.71 
#Line 10 in all scenarios
0.66 0.73 0.71 0.61 0.62 0.82 0.75 0.75 0.77 0.7 
#Line 11 in all scenarios
0.84 0.68 0.73 0.69 0.84 0.71 0.73 0.71 0.78 0.87 
#Line 12 in all scenarios
0.82 0.85 0.82 0.78 0.8 0.73 0.81 0.65 0.63 0.7 
#Line 13 in all scenarios
0.7 0.61 0.79 0.65 0.69 0.77 0.69 0.86 0.63 0.79 
#Line 14 in all scenarios
0.7 0.73 0.73 0.74 0.82 0.63 0.78 0.64 0.61 0.9 
#Maximum capacity of all lines TCl : 
667 667 667 667 667 667 667 667 667 667 667 667 667 667 667 
#Fast reserve limit of all generators FRg : 
250 250 80 80 25 20 25 10 10 10 250 250 80 80 25 20 25 10 10 10 
#No import groups ICj 
#No polarity gamma-jl 
