#Number of generators G :
20
#Gs :
1 3 6 8 13 14 16 17 18 
#Gf :
2 4 5 7 9 10 11 12 15 19 20 
#S :
10
#T :
72
#L :
15
#N :
5
#Gn (one line contains indices of generators at a node) :
#node 0
1 2 
#node 1
3 4 5 6 7 
#node 2
8 9 10 11 12 
#node 3
13 14 15 16 17 
#node 4
18 19 20 
#LIn (one line contains incoming lines at a node) :
#node 0
5-1 4-1 3-1 
#node 1
1-2 5-2 4-2 
#node 2
2-3 1-3 5-3 
#node 3
3-4 2-4 1-4 
#node 4
4-5 3-5 2-5 
#LOn (one line contains outgoing lines at a node) :
#node 0
1-2 1-3 1-4 
#node 1
2-3 2-4 2-5 
#node 2
3-4 3-5 3-1 
#node 3
4-5 4-1 4-2 
#node 4
5-1 5-2 5-3 
#No import group IG
#No lines in import groups IGj 
#Probability of each scenario ps : 
0.1 0.1 0.1 0.1 0.1 0.1 0.1 0.1 0.1 0.1 
#minimum load cost of generators Kg :
1000 970 700 680 450 370 480 660 665 670 1000 970 700 680 450 370 480 660 665 670 
#start-up of generators Sg :
4500 5000 550 560 900 170 260 30 30 30 4500 5000 550 560 900 170 260 30 30 30 
#marginal cost of generators Cg :
16.19 17.26 16.6 16.5 19.7 22.26 27.74 25.92 27.27 27.79 16.19 17.26 16.6 16.5 19.7 22.26 27.74 25.92 27.27 27.79 
#demand Dnst :
# at node 0
#    in scenario 0 for all time periods :
221 272 286 312 388 396 405 470 494 526 505 582 448 452 480 378 372 370 427 448 468 387 326 258 202 260 323 308 380 405 400 480 510 476 487 558 454 463 432 395 356 361 418 470 458 361 299 277 240 277 282 353 340 405 451 461 489 538 528 534 476 447 451 391 320 392 470 476 426 365 289 272 
#    in scenario 1 for all time periods :
206 277 286 331 340 374 455 408 489 521 493 594 470 432 437 382 396 383 480 515 463 356 337 249 206 241 323 319 324 422 451 475 421 454 487 486 521 499 398 395 324 374 422 549 426 392 306 244 211 260 340 308 328 365 451 389 447 532 481 600 521 416 403 365 372 431 398 454 494 365 333 241 
#    in scenario 2 for all time periods :
199 263 292 331 400 365 405 470 515 526 545 516 498 473 442 340 380 414 427 498 452 361 309 277 202 263 279 315 336 356 419 446 452 448 545 594 482 520 475 391 320 405 384 482 432 422 275 249 199 241 286 365 396 400 414 470 520 510 493 522 510 515 394 361 356 436 432 504 447 361 296 260 
#    in scenario 3 for all time periods :
240 258 309 365 400 392 446 384 468 470 476 528 498 499 384 403 360 361 461 482 484 370 279 232 233 260 316 312 352 431 437 456 463 532 505 498 470 489 480 353 376 414 389 459 499 400 316 266 209 280 313 334 352 352 382 394 504 521 470 516 543 510 418 349 372 356 437 510 432 422 330 280 
#    in scenario 4 for all time periods :
206 272 289 315 400 387 377 480 494 554 510 600 543 421 480 361 396 400 384 532 437 409 326 258 238 269 330 350 328 361 373 398 520 521 470 552 476 416 475 361 400 396 456 459 437 422 326 252 199 272 313 315 364 387 382 437 515 476 568 564 448 416 461 370 356 374 398 549 478 431 292 252 
#    in scenario 5 for all time periods :
238 235 340 315 396 436 437 389 447 515 539 516 504 484 389 386 380 374 432 498 458 414 330 272 194 255 286 376 332 396 446 466 452 470 505 588 510 468 413 386 400 356 398 554 489 409 313 249 223 269 279 327 392 392 442 446 510 510 568 510 498 510 432 407 380 427 394 493 478 414 303 266 
#    in scenario 6 for all time periods :
238 244 330 327 384 387 396 432 416 521 499 510 532 504 451 344 380 383 442 549 520 414 323 266 235 252 296 353 340 427 460 461 510 532 551 546 538 489 451 416 328 436 384 448 504 387 289 263 221 263 333 308 388 414 442 466 515 532 557 600 543 416 389 353 400 352 413 515 421 396 337 266 
#    in scenario 7 for all time periods :
211 266 323 372 388 356 382 384 478 554 528 498 493 494 394 361 348 436 470 476 510 427 299 274 221 238 275 365 384 365 428 427 515 560 476 480 538 478 461 407 324 418 466 554 484 436 323 269 228 232 286 342 360 400 405 456 426 554 487 498 549 473 475 374 360 405 427 482 520 427 313 241 
#    in scenario 8 for all time periods :
206 269 296 346 368 352 437 442 452 465 551 510 482 515 413 370 348 352 437 521 484 383 272 258 199 246 286 334 372 365 455 442 515 448 464 504 526 504 466 412 320 387 384 510 463 422 337 227 202 266 340 350 372 427 409 398 515 493 493 558 521 421 470 361 392 383 413 554 504 352 323 249 
#    in scenario 9 for all time periods :
233 235 289 319 344 409 373 461 520 493 574 516 510 499 422 340 396 405 432 510 426 400 282 269 211 241 272 312 364 356 409 451 416 526 487 594 493 432 437 344 340 400 398 549 426 356 279 232 206 244 289 319 332 427 409 398 489 543 539 576 560 421 451 395 340 374 394 543 452 387 323 258 
# at node 1
#    in scenario 0 for all time periods :
216 246 272 338 368 365 432 451 416 521 505 546 543 426 427 353 340 392 446 521 437 392 289 260 199 230 313 338 328 365 423 466 421 482 510 510 454 432 451 416 344 378 394 549 442 383 306 272 194 232 309 334 372 378 419 432 504 554 493 588 526 442 475 407 388 409 427 532 458 383 279 260 
#    in scenario 1 for all time periods :
216 269 326 338 360 352 437 413 499 521 557 522 476 520 432 370 368 436 422 543 473 409 320 224 199 260 286 346 364 440 419 389 426 515 545 564 487 489 394 378 352 400 408 510 442 387 279 277 204 272 309 304 392 400 400 437 520 470 580 570 549 421 446 391 364 400 418 454 426 387 340 230 
#    in scenario 2 for all time periods :
209 246 340 319 356 361 377 394 510 538 551 558 454 463 427 395 364 365 408 526 432 370 313 260 235 230 306 372 380 392 409 456 442 526 539 480 504 510 480 357 384 378 432 560 416 409 279 260 211 246 292 338 360 400 428 403 447 526 505 564 515 463 418 357 384 414 461 493 494 374 316 258 
#    in scenario 3 for all time periods :
221 230 323 357 368 405 396 389 478 465 487 486 510 478 466 374 400 352 470 448 447 405 316 274 211 238 306 319 364 352 437 413 484 493 580 564 543 515 413 382 388 414 418 521 442 414 340 244 230 227 282 372 332 409 455 461 442 470 522 504 470 421 437 386 340 436 418 465 452 436 316 277 
#    in scenario 4 for all time periods :
218 230 289 312 364 440 414 418 494 526 534 588 470 421 461 407 376 392 480 470 437 387 296 272 218 232 279 327 356 400 405 413 442 549 499 594 448 520 475 403 336 392 442 459 442 409 337 246 214 241 279 319 392 436 382 446 426 465 476 588 538 499 451 403 368 427 427 493 452 440 292 260 
#    in scenario 5 for all time periods :
197 244 306 346 388 361 446 398 426 538 568 570 549 484 466 391 368 414 466 482 489 356 323 238 221 227 326 369 356 387 373 456 426 526 516 552 554 484 408 353 372 356 470 448 468 356 320 274 209 227 296 315 348 396 396 413 515 554 464 582 560 494 456 374 388 418 413 454 499 440 279 260 
#    in scenario 6 for all time periods :
226 230 272 308 364 365 455 422 452 454 481 570 476 426 432 336 352 405 470 515 432 378 306 246 214 238 337 323 400 436 446 389 510 470 470 570 532 494 432 407 360 440 403 448 463 392 309 241 228 227 337 369 368 409 386 422 458 521 476 546 515 416 384 420 332 383 446 510 510 378 289 232 
#    in scenario 7 for all time periods :
192 274 330 338 320 361 455 398 494 448 499 534 465 463 422 416 348 431 432 454 463 436 303 241 238 227 337 380 388 383 414 432 473 470 580 600 470 447 398 353 388 436 413 498 515 422 299 246 218 238 316 327 328 436 423 437 463 459 505 576 538 426 442 416 380 361 394 538 458 396 316 255 
#    in scenario 8 for all time periods :
235 280 275 338 344 365 437 437 442 549 551 498 532 421 475 412 340 436 418 482 458 365 306 260 223 232 272 361 348 422 400 403 463 454 510 486 510 515 437 378 372 378 389 504 452 440 306 235 192 255 286 372 376 378 396 475 520 543 551 498 510 494 394 349 392 427 398 515 442 374 272 249 
#    in scenario 9 for all time periods :
197 230 306 331 328 352 419 470 499 476 505 588 465 437 451 374 340 400 446 448 504 387 299 241 199 238 275 304 400 392 396 427 426 448 563 558 470 416 480 344 332 387 413 532 421 414 313 266 223 260 309 376 332 378 460 432 494 510 510 528 498 515 422 340 400 352 442 454 494 400 320 260 
# at node 2
#    in scenario 0 for all time periods :
197 244 320 323 344 422 382 394 473 526 476 534 476 489 408 357 324 414 418 560 489 396 296 269 235 249 275 308 356 374 428 408 489 493 568 600 459 489 480 386 372 361 437 532 489 352 299 227 202 235 330 308 348 378 460 427 520 454 487 600 465 437 466 416 368 431 408 454 515 427 296 272 
#    in scenario 1 for all time periods :
240 227 272 369 364 427 386 480 432 543 516 510 465 520 451 365 388 352 389 465 432 440 279 249 192 235 279 361 368 396 368 403 458 498 516 582 482 447 432 361 368 405 422 521 504 378 299 255 199 255 292 361 328 392 451 446 426 526 539 564 538 447 451 391 392 409 403 526 478 405 326 260 
#    in scenario 2 for all time periods :
209 255 296 365 336 414 368 451 484 543 499 480 487 499 403 374 336 431 480 549 473 436 323 235 214 230 272 327 344 440 386 394 520 521 568 546 560 484 475 344 380 414 398 470 452 405 323 258 240 249 330 357 392 414 391 461 499 470 476 600 448 494 408 416 328 356 389 521 484 383 333 266 
#    in scenario 3 for all time periods :
194 266 326 346 372 365 400 384 484 493 522 486 532 442 394 399 392 436 437 515 447 400 323 255 199 232 282 323 400 396 382 456 416 487 493 552 538 510 422 382 332 392 432 487 515 352 337 274 233 224 309 361 376 405 409 422 478 504 534 594 465 504 389 395 356 396 461 510 515 436 275 244 
#    in scenario 4 for all time periods :
197 244 279 346 400 396 446 408 442 493 487 504 470 432 442 382 380 370 470 543 468 356 286 258 209 252 320 327 376 352 400 466 468 515 539 576 493 432 456 349 324 392 470 554 499 374 306 246 199 252 296 380 328 392 409 437 432 549 510 534 554 494 398 391 400 409 451 459 484 370 289 241 
#    in scenario 5 for all time periods :
218 266 303 380 352 440 409 470 515 532 580 522 554 510 461 336 320 392 408 538 442 374 303 241 226 266 282 315 336 378 432 432 442 504 499 504 482 432 394 378 380 383 394 482 484 365 292 244 211 277 303 323 396 422 368 418 520 482 522 510 554 494 480 399 356 361 389 543 499 405 330 272 
#    in scenario 6 for all time periods :
238 269 275 361 372 383 460 480 426 521 574 528 465 494 475 349 396 409 427 532 510 387 337 258 233 246 337 346 360 356 460 442 463 482 574 510 493 432 413 391 320 427 446 560 442 440 320 274 214 244 272 315 364 396 405 466 447 448 574 522 470 494 470 378 328 431 456 549 499 370 275 258 
#    in scenario 7 for all time periods :
199 246 296 323 376 431 368 413 432 482 481 534 532 447 432 357 372 418 408 510 463 383 309 244 223 227 275 331 340 356 396 413 468 448 516 600 549 452 446 353 388 392 408 532 452 356 316 235 221 269 333 380 384 370 460 384 421 510 470 480 448 463 475 382 380 422 466 543 489 436 282 238 
#    in scenario 8 for all time periods :
202 255 289 376 384 431 368 413 489 493 580 588 465 473 461 340 360 418 456 532 416 409 296 280 209 269 289 331 384 392 368 394 426 498 505 558 448 452 398 403 400 370 403 470 478 427 292 269 206 224 337 323 372 370 368 480 432 487 505 570 459 520 451 365 368 418 451 498 426 405 279 266 
#    in scenario 9 for all time periods :
209 244 286 342 400 392 396 427 442 448 557 570 459 447 389 361 328 400 470 554 421 387 275 277 235 274 282 319 336 378 437 442 510 510 499 570 504 489 470 357 328 440 470 543 458 361 282 277 233 244 333 361 376 440 414 456 494 498 551 540 487 494 418 353 360 392 446 532 494 378 330 266 
# at node 3
#    in scenario 0 for all time periods :
202 235 333 372 400 409 414 398 499 526 499 564 448 452 398 382 348 361 403 504 468 409 337 252 211 244 286 312 380 361 451 422 484 504 545 546 482 499 422 374 320 356 422 538 478 365 333 255 211 252 299 308 336 396 414 408 499 515 510 522 543 499 398 365 328 352 437 476 426 365 279 235 
#    in scenario 1 for all time periods :
221 255 326 376 400 383 386 403 437 560 545 510 515 421 384 370 320 427 446 470 442 418 316 232 226 255 292 350 320 418 451 437 432 532 528 522 482 421 398 344 388 383 394 493 510 409 296 230 233 266 313 372 352 427 460 480 442 470 557 510 482 499 480 370 348 405 470 493 515 409 296 246 
#    in scenario 2 for all time periods :
199 249 303 319 372 396 432 432 504 465 574 558 465 458 413 361 348 414 456 510 504 356 296 232 192 269 313 353 364 352 455 446 478 498 580 492 448 489 461 395 392 356 389 487 442 392 299 249 209 277 330 331 400 440 368 475 489 476 545 564 549 504 470 399 360 436 442 549 432 427 313 241 
#    in scenario 3 for all time periods :
218 241 299 346 372 405 455 418 463 538 568 594 487 447 394 395 336 427 461 487 478 436 337 246 202 238 272 346 336 378 423 384 432 465 557 540 465 515 389 399 360 392 427 515 473 436 296 235 226 266 303 308 328 374 451 470 452 549 493 480 465 452 442 370 380 414 475 454 520 431 275 277 
#    in scenario 4 for all time periods :
238 269 306 380 380 409 437 418 442 554 487 480 510 463 470 340 392 396 480 515 515 365 279 235 204 244 299 308 368 365 373 437 421 470 545 600 476 489 427 344 320 374 442 526 442 356 309 232 223 252 333 380 396 409 419 466 442 498 499 492 532 452 437 374 340 361 442 493 489 352 286 249 
#    in scenario 5 for all time periods :
238 260 306 315 356 374 460 446 468 515 510 480 510 484 403 382 348 440 456 448 426 418 309 269 221 272 330 380 396 436 386 446 421 476 493 486 554 510 446 378 332 374 437 448 432 396 272 227 199 255 303 369 364 392 400 432 484 459 510 582 532 458 384 349 368 356 403 543 515 365 306 266 
#    in scenario 6 for all time periods :
240 249 286 350 356 387 414 446 458 560 522 480 454 416 422 403 368 427 456 504 510 418 337 266 218 280 323 327 344 414 373 403 504 510 534 486 521 437 470 336 328 409 451 482 510 387 323 249 238 255 292 350 324 387 377 480 504 482 516 504 482 494 427 336 324 427 432 448 432 440 282 244 
#    in scenario 7 for all time periods :
230 249 337 365 396 361 446 480 494 487 499 558 504 510 418 391 372 383 470 549 447 352 323 269 211 238 330 369 376 361 455 480 520 482 580 504 532 458 408 370 352 418 389 560 447 356 320 272 221 224 303 361 380 361 460 394 484 504 487 594 476 432 446 407 364 392 384 504 515 400 340 272 
#    in scenario 8 for all time periods :
194 280 299 319 344 356 437 413 499 454 516 486 459 463 394 340 356 396 466 465 504 405 299 260 233 235 279 357 328 440 414 389 421 476 493 516 482 510 446 361 340 422 389 487 442 436 303 258 194 258 337 365 328 361 391 408 416 560 563 516 476 499 480 349 396 418 403 476 489 422 282 238 
#    in scenario 9 for all time periods :
218 230 275 376 332 370 423 427 468 510 563 588 476 489 480 370 364 436 456 487 510 400 272 241 228 246 323 331 344 418 460 403 489 498 580 570 493 478 432 382 368 436 398 515 426 352 292 238 206 249 279 361 344 427 409 456 499 549 563 600 526 421 475 391 348 440 451 510 499 405 286 230 
# at node 4
#    in scenario 0 for all time periods :
233 269 289 380 372 356 455 422 484 521 534 504 493 489 432 395 376 378 475 510 494 352 313 230 216 274 296 357 400 405 451 422 421 560 493 540 549 463 446 365 352 400 422 549 484 383 337 277 240 241 313 315 340 405 419 427 489 532 528 522 521 458 475 370 364 396 389 476 437 436 320 246 
#    in scenario 1 for all time periods :
226 232 299 331 356 405 409 432 426 448 545 564 448 432 446 378 388 431 442 482 416 392 313 258 238 224 303 334 400 378 377 480 432 504 493 600 510 499 451 399 400 392 403 521 426 405 340 232 218 249 286 304 352 396 382 456 504 526 563 492 459 432 408 336 332 352 413 498 489 365 303 230 
#    in scenario 2 for all time periods :
228 249 303 323 320 400 419 389 432 487 470 480 504 515 456 336 364 427 422 532 452 440 289 277 240 232 337 357 344 361 377 451 426 459 545 516 459 520 389 370 376 396 394 498 484 414 303 230 230 227 275 304 324 400 405 427 510 543 499 582 459 473 418 395 332 422 456 448 416 422 292 232 
#    in scenario 3 for all time periods :
209 249 313 338 320 405 451 403 458 504 470 486 493 468 418 395 336 422 451 493 437 378 337 258 216 252 289 350 368 431 419 389 421 504 557 582 554 510 413 378 348 414 422 532 520 378 337 280 228 263 333 338 396 387 460 389 473 538 534 552 521 447 394 336 376 400 437 465 463 396 320 277 
#    in scenario 4 for all time periods :
204 258 333 365 348 361 405 413 468 532 493 492 510 504 394 344 348 370 461 538 416 427 323 263 214 244 296 361 360 418 377 403 473 504 522 492 554 416 437 403 324 427 480 538 447 440 286 244 197 272 286 350 376 431 455 432 489 543 464 480 521 426 389 349 368 378 384 538 484 361 333 260 
#    in scenario 5 for all time periods :
221 246 340 323 344 378 368 437 432 510 476 558 532 442 456 420 340 352 432 526 463 361 340 269 233 269 286 357 356 352 391 432 437 482 545 594 510 452 475 412 348 400 437 526 447 405 282 235 199 244 299 372 364 418 442 394 458 515 516 564 487 478 466 391 364 418 456 538 515 431 337 249 
#    in scenario 6 for all time periods :
221 249 337 319 344 352 460 413 463 482 499 522 498 520 389 340 396 383 470 482 463 356 340 224 199 280 340 334 332 356 428 456 416 532 493 492 493 484 389 416 352 387 408 454 504 414 306 227 235 260 282 357 364 387 400 432 504 482 557 552 498 515 408 357 400 392 456 498 421 352 316 280 
#    in scenario 7 for all time periods :
223 255 279 346 344 436 391 456 432 459 545 558 560 494 432 378 372 427 394 448 426 383 309 244 199 241 316 372 348 405 391 451 458 560 516 570 498 458 422 391 348 361 480 470 504 378 306 246 214 230 340 304 368 392 437 418 504 515 499 570 554 463 384 382 344 370 446 459 442 422 323 266 
#    in scenario 8 for all time periods :
238 244 289 346 360 431 423 446 478 526 464 558 560 452 466 361 324 431 461 482 520 352 309 266 235 277 275 327 368 436 451 470 452 454 534 570 465 473 403 391 340 387 442 487 484 392 292 263 218 269 292 369 352 414 414 461 437 543 580 480 532 416 384 365 352 400 403 470 432 387 299 230 
#    in scenario 9 for all time periods :
197 224 306 369 376 370 382 456 478 493 476 480 454 442 437 353 344 365 394 521 499 387 313 252 194 244 340 346 368 436 428 389 494 487 487 486 532 447 466 416 364 422 461 493 426 383 330 258 216 274 323 338 380 418 382 408 426 549 499 516 543 447 422 365 364 409 442 538 489 374 286 224 
#Maximum capacity P+gs :
# generator 0 for all scenarios
419 519 441 491 369 391 378 450 410 450 
# generator 1 for all scenarios
400 364 532 369 541 396 528 546 464 441 
# generator 2 for all scenarios
116 126 108 147 130 135 151 108 139 151 
# generator 3 for all scenarios
117 127 146 134 139 150 148 107 130 112 
# generator 4 for all scenarios
134 168 186 183 144 147 149 157 168 160 
# generator 5 for all scenarios
85 74 94 84 94 68 78 84 93 82 
# generator 6 for all scenarios
88 97 72 82 70 83 101 100 71 90 
# generator 7 for all scenarios
45 56 66 54 61 59 46 45 59 54 
# generator 8 for all scenarios
62 51 65 54 46 59 59 48 57 58 
# generator 9 for all scenarios
60 50 56 58 47 49 63 54 52 45 
# generator 10 for all scenarios
523 369 364 410 491 400 446 455 537 473 
# generator 11 for all scenarios
496 519 369 487 396 469 441 482 460 455 
# generator 12 for all scenarios
156 120 112 113 126 122 110 114 116 117 
# generator 13 for all scenarios
118 130 110 104 112 113 144 108 129 153 
# generator 14 for all scenarios
143 151 149 168 168 139 160 144 172 130 
# generator 15 for all scenarios
66 94 70 73 71 82 67 94 90 73 
# generator 16 for all scenarios
98 77 93 79 89 92 69 91 92 82 
# generator 17 for all scenarios
53 44 48 60 47 66 57 57 50 54 
# generator 18 for all scenarios
62 50 58 48 48 59 61 52 56 66 
# generator 19 for all scenarios
44 63 49 51 55 64 61 54 57 45 
#Minimum capacity P-gs:
# generator 0 for all scenarios
135 168 178 129 134 154 148 160 140 171 
# generator 1 for all scenarios
160 140 135 177 144 153 162 136 178 129 
# generator 2 for all scenarios
19 23 17 20 22 18 24 21 17 21 
# generator 3 for all scenarios
21 17 18 23 24 21 23 23 24 16 
# generator 4 for all scenarios
26 22 28 30 23 22 23 28 29 22 
# generator 5 for all scenarios
19 22 22 23 24 17 23 19 17 20 
# generator 6 for all scenarios
26 30 25 24 26 25 25 22 29 22 
# generator 7 for all scenarios
8 10 12 9 10 10 10 12 10 12 
# generator 8 for all scenarios
10 10 8 9 9 8 8 9 12 9 
# generator 9 for all scenarios
9 11 9 11 8 10 8 10 8 8 
# generator 10 for all scenarios
171 134 134 150 165 178 144 124 152 141 
# generator 11 for all scenarios
150 177 147 147 123 158 177 130 128 176 
# generator 12 for all scenarios
20 23 19 24 21 17 22 17 21 23 
# generator 13 for all scenarios
17 19 22 23 17 19 16 20 17 23 
# generator 14 for all scenarios
21 22 24 26 22 24 28 24 30 26 
# generator 15 for all scenarios
16 17 24 22 19 20 22 17 21 18 
# generator 16 for all scenarios
22 29 23 23 26 26 22 23 25 26 
# generator 17 for all scenarios
11 10 9 12 8 9 10 8 11 10 
# generator 18 for all scenarios
10 11 10 12 12 8 9 11 10 11 
# generator 19 for all scenarios
10 11 11 9 8 9 10 9 11 10 
#Maximum ramping for all generators R+g :
250 250 80 80 25 20 25 10 10 10 250 250 80 80 25 20 25 10 10 10 
#Minimum ramping for all generators R-g :
150 150 20 20 25 20 25 10 10 10 150 150 20 20 25 20 25 10 10 10 
#Minimum up time for all generators UTg :
8 8 5 5 6 3 3 1 1 1 8 8 5 5 6 3 3 1 1 1 
#Minimum down time for all generators DTg :
8 8 5 5 6 3 3 1 1 1 8 8 5 5 6 3 3 1 1 1 
#Number of period : N=T
#Total reserve for all time periods Tt : 
60.0 70.0 85.0 95.0 100.0 110.0 115.0 120.0 130.0 140.0 145.0 150.0 140.0 130.0 120.0 105.0 100.0 110.0 120.0 140.0 130.0 110.0 85.0 70.0 60.0 70.0 85.0 95.0 100.0 110.0 115.0 120.0 130.0 140.0 145.0 150.0 140.0 130.0 120.0 105.0 100.0 110.0 120.0 140.0 130.0 110.0 85.0 70.0 60.0 70.0 85.0 95.0 100.0 110.0 115.0 120.0 130.0 140.0 145.0 150.0 140.0 130.0 120.0 105.0 100.0 110.0 120.0 140.0 130.0 110.0 85.0 70.0 
#Fast reserve for all time periods Ft : 
16.5 19.25 23.375000000000004 26.125000000000004 27.500000000000004 30.250000000000004 31.625000000000004 33.0 35.75 38.5 39.875 41.25 38.5 35.75 33.0 28.875000000000004 27.500000000000004 30.250000000000004 33.0 38.5 35.75 30.250000000000004 23.375000000000004 19.25 16.5 19.25 23.375000000000004 26.125000000000004 27.500000000000004 30.250000000000004 31.625000000000004 33.0 35.75 38.5 39.875 41.25 38.5 35.75 33.0 28.875000000000004 27.500000000000004 30.250000000000004 33.0 38.5 35.75 30.250000000000004 23.375000000000004 19.25 16.5 19.25 23.375000000000004 26.125000000000004 27.500000000000004 30.250000000000004 31.625000000000004 33.0 35.75 38.5 39.875 41.25 38.5 35.75 33.0 28.875000000000004 27.500000000000004 30.250000000000004 33.0 38.5 35.75 30.250000000000004 23.375000000000004 19.25 
#Susceptance Bls : 
#Line 0 in all scenarios
0.7 0.61 0.65 0.9 0.72 0.73 0.82 0.68 0.71 0.79 
#Line 1 in all scenarios
0.66 0.87 0.85 0.78 0.87 0.83 0.9 0.72 0.83 0.66 
#Line 2 in all scenarios
0.74 0.72 0.82 0.74 0.61 0.66 0.89 0.78 0.77 0.68 
#Line 3 in all scenarios
0.76 0.84 0.75 0.72 0.82 0.72 0.9 0.71 0.73 0.74 
#Line 4 in all scenarios
0.75 0.77 0.64 0.74 0.83 0.72 0.73 0.73 0.75 0.75 
#Line 5 in all scenarios
0.69 0.72 0.89 0.86 0.73 0.74 0.83 0.87 0.74 0.86 
#Line 6 in all scenarios
0.66 0.78 0.6 0.81 0.61 0.7 0.7 0.77 0.66 0.77 
#Line 7 in all scenarios
0.81 0.62 0.75 0.67 0.83 0.87 0.85 0.84 0.64 0.85 
#Line 8 in all scenarios
0.82 0.88 0.75 0.83 0.66 0.79 0.85 0.73 0.7 0.79 
#Line 9 in all scenarios
0.73 0.62 0.6 0.85 0.68 0.65 0.81 0.63 0.81 0.61 
#Line 10 in all scenarios
0.73 0.72 0.78 0.71 0.61 0.89 0.64 0.9 0.69 0.62 
#Line 11 in all scenarios
0.83 0.84 0.88 0.82 0.9 0.86 0.9 0.77 0.74 0.78 
#Line 12 in all scenarios
0.72 0.68 0.77 0.89 0.69 0.83 0.64 0.81 0.68 0.87 
#Line 13 in all scenarios
0.9 0.61 0.64 0.83 0.77 0.68 0.66 0.79 0.61 0.67 
#Line 14 in all scenarios
0.73 0.74 0.82 0.9 0.88 0.89 0.84 0.61 0.83 0.82 
#Maximum capacity of all lines TCl : 
667 667 667 667 667 667 667 667 667 667 667 667 667 667 667 
#Fast reserve limit of all generators FRg : 
250 250 80 80 25 20 25 10 10 10 250 250 80 80 25 20 25 10 10 10 
#No import groups ICj 
#No polarity gamma-jl 
