#Number of generators G :
20
#Gs :
1 2 3 4 5 6 8 9 10 11 12 14 15 16 17 18 19 20 
#Gf :
7 13 
#S :
10
#T :
72
#L :
24
#N :
8
#Gn (one line contains indices of generators at a node) :
#node 0
1 
#node 1
2 3 4 
#node 2
5 
#node 3
6 7 8 
#node 4
9 10 11 12 
#node 5
13 14 15 
#node 6
16 17 
#node 7
18 19 20 
#LIn (one line contains incoming lines at a node) :
#node 0
8-1 7-1 6-1 
#node 1
1-2 8-2 7-2 
#node 2
2-3 1-3 8-3 
#node 3
3-4 2-4 1-4 
#node 4
4-5 3-5 2-5 
#node 5
5-6 4-6 3-6 
#node 6
6-7 5-7 4-7 
#node 7
7-8 6-8 5-8 
#LOn (one line contains outgoing lines at a node) :
#node 0
1-2 1-3 1-4 
#node 1
2-3 2-4 2-5 
#node 2
3-4 3-5 3-6 
#node 3
4-5 4-6 4-7 
#node 4
5-6 5-7 5-8 
#node 5
6-7 6-8 6-1 
#node 6
7-8 7-1 7-2 
#node 7
8-1 8-2 8-3 
#No import group IG
#No lines in import groups IGj 
#Probability of each scenario ps : 
0.1 0.1 0.1 0.1 0.1 0.1 0.1 0.1 0.1 0.1 
#minimum load cost of generators Kg :
1000 970 700 680 450 370 480 660 665 670 1000 970 700 680 450 370 480 660 665 670 
#start-up of generators Sg :
4500 5000 550 560 900 170 260 30 30 30 4500 5000 550 560 900 170 260 30 30 30 
#marginal cost of generators Cg :
16.19 17.26 16.6 16.5 19.7 22.26 27.74 25.92 27.27 27.79 16.19 17.26 16.6 16.5 19.7 22.26 27.74 25.92 27.27 27.79 
#demand Dnst :
# at node 0
#    in scenario 0 for all time periods :
148 172 185 230 202 258 236 297 273 336 352 375 287 315 264 213 242 258 282 350 292 256 212 154 120 163 185 214 242 239 273 288 309 326 312 330 287 312 279 262 205 234 258 315 283 239 172 172 126 145 183 216 250 245 285 258 276 346 308 326 294 315 279 247 242 236 294 346 266 258 202 142 
#    in scenario 1 for all time periods :
146 166 210 223 215 228 262 246 325 340 355 304 290 296 252 231 208 228 282 343 273 231 198 142 141 161 200 218 240 261 236 261 309 350 362 368 298 280 294 223 230 256 288 315 312 226 185 142 122 161 193 230 205 275 276 291 270 336 301 300 332 289 255 257 238 264 246 290 296 253 204 168 
#    in scenario 2 for all time periods :
138 154 187 209 200 248 230 279 266 290 344 338 343 270 252 257 222 242 258 312 312 239 191 152 148 158 176 197 235 245 242 240 292 294 334 368 287 309 294 239 240 239 279 318 266 242 181 145 132 163 200 216 242 220 233 285 292 298 352 334 294 266 297 218 230 272 261 318 318 258 172 150 
#    in scenario 3 for all time periods :
138 168 187 221 222 236 242 258 273 301 334 352 284 299 240 260 205 261 240 329 292 242 170 170 126 149 206 223 205 248 247 264 292 301 330 375 294 270 288 260 242 228 273 290 286 250 210 159 132 166 189 197 215 256 273 288 302 346 359 319 343 263 240 255 218 242 258 326 299 231 193 172 
#    in scenario 4 for all time periods :
135 144 185 200 212 220 253 300 312 340 308 375 346 309 282 244 242 250 273 280 283 250 174 164 144 164 170 211 248 231 270 255 296 322 344 356 294 312 288 249 248 234 300 290 309 239 202 156 126 154 196 200 235 236 242 249 312 318 362 364 280 296 273 220 235 253 300 287 292 253 196 145 
#    in scenario 5 for all time periods :
136 158 193 218 235 242 230 300 322 336 304 338 298 273 261 220 225 248 246 312 260 220 187 140 126 164 187 238 210 272 279 252 283 322 344 345 312 325 279 262 208 220 300 315 312 261 200 159 132 147 174 238 245 242 282 240 289 343 348 304 308 273 240 234 245 250 273 290 266 248 212 170 
#    in scenario 6 for all time periods :
134 145 187 200 222 250 259 300 306 332 334 360 287 292 291 260 215 270 255 332 292 258 187 158 138 161 176 195 230 239 276 252 318 280 315 356 322 266 285 247 250 226 279 304 263 248 202 168 148 154 196 238 230 245 236 282 273 287 337 352 343 309 240 260 225 226 297 304 302 275 198 158 
#    in scenario 7 for all time periods :
126 166 170 200 202 223 244 282 270 294 355 375 326 270 291 231 205 234 240 308 276 264 176 168 135 163 174 211 230 236 262 300 302 332 330 345 350 302 243 213 215 250 246 340 283 236 178 150 136 154 187 221 230 275 236 243 273 301 352 315 336 325 273 236 215 275 285 350 312 236 212 164 
#    in scenario 8 for all time periods :
122 154 204 214 230 220 250 276 270 287 344 311 326 273 300 252 215 234 282 308 280 253 183 164 123 152 196 200 230 226 242 300 283 304 348 326 284 283 288 260 222 242 258 287 306 264 174 149 150 144 185 197 225 267 236 291 289 301 304 315 315 283 300 220 212 264 261 350 318 223 178 164 
#    in scenario 9 for all time periods :
122 147 210 202 242 264 279 285 276 332 315 360 308 296 246 260 232 234 249 346 315 272 174 154 140 161 176 192 245 220 239 249 263 294 344 345 280 289 288 223 230 231 258 290 266 264 191 152 141 161 174 197 230 236 230 270 286 336 294 326 280 292 243 239 248 256 291 340 286 264 174 168 
# at node 1
#    in scenario 0 for all time periods :
123 161 196 226 238 261 256 264 273 298 312 356 304 289 249 220 250 272 282 315 270 258 172 164 140 175 174 233 248 264 273 267 302 336 344 338 318 306 282 262 235 245 282 346 309 226 212 161 128 140 202 195 238 234 279 297 260 326 344 330 329 299 267 218 245 270 267 346 318 270 172 156 
#    in scenario 1 for all time periods :
144 164 170 204 222 226 250 246 296 336 308 315 301 283 294 260 222 234 297 346 283 231 191 149 135 152 196 221 215 223 264 300 318 301 308 304 336 296 240 244 228 236 240 312 309 234 185 158 128 147 202 221 202 236 256 297 299 346 341 300 294 315 246 220 238 275 258 329 299 275 202 145 
#    in scenario 2 for all time periods :
148 147 208 197 208 245 247 300 266 322 337 364 301 270 294 215 210 223 297 315 283 245 174 156 136 140 191 190 248 256 233 273 270 346 362 356 318 266 294 228 238 228 297 326 286 231 198 154 128 145 200 233 218 220 253 300 286 290 308 311 315 286 288 257 232 267 252 329 312 236 193 150 
#    in scenario 3 for all time periods :
140 164 208 228 202 253 264 285 260 350 304 326 304 318 291 242 218 239 291 343 260 261 191 175 150 154 200 223 242 264 267 273 289 304 301 319 284 292 249 260 242 250 285 312 296 245 206 144 135 144 170 221 220 270 262 261 292 332 294 311 312 263 246 220 225 242 288 315 273 272 170 158 
#    in scenario 4 for all time periods :
132 147 187 204 208 270 288 291 306 280 304 364 340 306 270 213 222 267 270 312 322 226 204 170 129 161 174 211 215 248 242 252 315 284 304 322 294 280 300 215 218 250 279 350 312 258 196 173 136 163 208 200 202 223 236 264 318 284 362 322 287 312 279 231 220 253 249 336 273 256 196 156 
#    in scenario 5 for all time periods :
148 159 208 214 225 236 279 270 302 322 362 326 322 322 294 247 238 267 261 322 299 223 183 152 124 152 181 207 212 253 247 240 299 298 290 341 340 270 279 262 228 267 246 287 312 264 170 172 144 156 202 214 232 258 262 249 312 287 315 304 343 322 273 234 250 261 276 312 306 256 206 172 
#    in scenario 6 for all time periods :
135 166 191 204 235 220 288 240 266 346 344 341 329 266 255 218 245 270 270 343 276 275 183 145 144 147 202 235 220 245 259 240 273 287 362 322 318 296 294 213 225 239 261 284 306 272 172 164 123 163 170 214 230 253 279 258 296 350 326 315 336 315 243 210 245 250 246 336 306 234 200 170 
#    in scenario 7 for all time periods :
147 173 208 233 245 223 256 264 289 340 326 338 312 325 300 262 225 242 273 343 273 239 212 166 122 168 176 226 228 256 273 252 302 315 341 338 308 283 288 231 215 261 279 336 263 272 191 147 123 161 187 204 222 258 256 282 292 315 355 371 290 309 240 247 235 242 300 336 322 245 208 172 
#    in scenario 8 for all time periods :
128 145 185 207 220 250 267 282 289 340 312 304 290 306 258 226 202 223 240 280 260 256 198 140 123 166 183 228 205 275 288 255 283 315 359 345 350 312 279 236 222 226 270 284 318 258 191 168 148 145 170 211 225 275 242 255 276 312 362 300 329 315 243 255 208 236 273 294 302 264 198 152 
#    in scenario 9 for all time periods :
136 172 170 209 248 220 233 243 260 284 344 349 315 312 282 249 218 253 252 322 283 270 189 159 146 140 202 190 248 248 262 252 263 298 334 341 294 312 282 213 248 248 261 329 309 258 172 173 124 175 174 197 232 245 242 252 283 315 352 364 298 260 261 223 248 231 249 326 296 275 189 152 
# at node 2
#    in scenario 0 for all time periods :
136 158 181 202 240 242 247 285 318 290 319 360 280 318 258 220 242 275 264 329 296 258 172 166 147 164 181 226 210 239 276 240 266 332 308 345 343 318 249 220 225 272 252 318 325 264 181 156 150 172 208 238 238 223 253 270 292 298 290 308 318 318 267 218 220 275 249 326 283 226 176 152 
#    in scenario 1 for all time periods :
140 149 198 197 228 270 230 276 266 350 312 304 332 322 264 236 210 250 252 343 309 228 210 166 128 163 191 195 232 256 230 297 299 298 326 300 280 286 300 244 215 236 288 340 276 250 176 154 120 173 208 216 245 220 262 270 260 290 304 338 308 302 270 236 245 258 285 336 270 220 198 140 
#    in scenario 2 for all time periods :
124 170 191 211 242 228 256 300 266 284 308 360 298 283 246 234 228 258 297 343 318 223 193 149 142 168 189 218 205 275 244 267 280 346 294 364 336 322 252 252 212 242 297 287 270 239 204 142 124 168 212 192 225 253 276 282 289 340 301 356 322 322 285 257 225 250 300 346 270 272 172 152 
#    in scenario 3 for all time periods :
123 170 181 190 212 264 285 258 263 332 352 345 284 312 273 242 240 228 264 280 322 231 212 156 122 154 174 190 235 231 273 285 280 329 359 300 304 280 255 249 222 245 243 350 302 272 174 156 138 175 212 214 230 236 233 279 299 350 341 341 329 302 282 220 212 228 276 304 270 226 200 173 
#    in scenario 4 for all time periods :
148 166 206 238 208 245 253 285 315 312 334 375 350 266 246 260 238 234 297 343 270 245 193 154 120 166 196 216 225 258 230 240 309 301 330 360 308 289 273 226 205 267 270 284 299 261 212 156 124 147 212 197 218 256 264 282 296 318 359 349 301 289 273 249 228 234 282 298 306 267 185 149 
#    in scenario 5 for all time periods :
120 152 181 202 242 234 279 291 299 350 352 300 298 270 249 260 228 245 282 318 309 236 198 173 122 149 200 238 208 264 242 282 306 301 297 308 294 270 243 242 200 253 288 312 299 223 189 150 129 172 204 204 212 248 270 249 309 332 323 334 298 260 264 252 210 267 270 336 325 236 206 163 
#    in scenario 6 for all time periods :
126 164 181 207 200 275 230 279 315 312 337 371 318 270 282 234 222 239 297 346 302 253 202 147 150 145 206 230 232 272 273 291 276 346 362 304 326 292 291 228 218 223 273 298 322 223 174 156 147 159 172 233 230 275 267 276 273 280 297 315 343 318 273 220 210 272 249 315 306 239 202 159 
#    in scenario 7 for all time periods :
134 173 202 235 228 239 276 288 315 346 330 319 343 299 246 228 245 234 288 308 280 223 210 145 130 173 172 202 208 220 233 252 286 336 294 371 298 266 264 234 200 264 285 329 315 275 202 166 138 166 185 216 205 272 262 294 283 301 319 371 350 280 288 249 202 234 261 301 283 261 204 144 
#    in scenario 8 for all time periods :
146 166 210 197 228 258 242 291 302 284 301 341 280 280 264 255 240 234 294 346 280 245 170 149 122 163 212 226 235 236 279 243 302 336 362 311 287 296 297 215 225 245 261 329 306 226 176 152 126 173 183 195 220 223 233 273 309 287 308 364 332 306 285 215 208 267 294 301 315 256 174 140 
#    in scenario 9 for all time periods :
144 159 204 200 238 231 285 246 299 343 301 334 332 312 261 239 228 234 255 280 318 239 170 166 142 175 212 202 232 250 250 240 309 294 312 349 350 299 288 210 200 226 261 298 276 223 185 154 144 164 212 204 225 258 288 291 260 294 290 315 287 260 267 262 248 228 267 290 270 270 189 158 
# at node 3
#    in scenario 0 for all time periods :
134 168 198 218 218 256 230 261 276 329 323 322 340 276 294 247 242 228 300 336 292 245 181 152 134 170 178 202 232 258 242 276 263 346 301 322 294 322 264 260 200 236 264 301 296 226 170 156 150 172 204 204 205 253 242 267 296 318 334 304 346 260 288 257 245 223 252 290 315 270 187 166 
#    in scenario 1 for all time periods :
120 166 185 235 208 245 270 270 309 318 344 334 304 325 255 215 218 231 240 336 296 258 208 152 141 163 210 197 218 253 259 240 270 346 294 326 322 312 291 255 208 223 255 312 260 231 206 152 148 159 196 204 250 261 285 285 325 346 319 304 318 296 294 257 215 256 252 350 289 228 198 172 
#    in scenario 2 for all time periods :
124 170 176 195 215 239 288 261 296 280 312 315 284 302 297 226 208 264 294 326 302 220 204 149 140 175 202 190 238 270 242 279 283 294 362 368 304 325 261 252 250 256 249 287 325 253 200 168 144 175 189 221 205 226 236 300 276 284 355 360 294 312 264 262 230 256 282 284 270 253 176 158 
#    in scenario 3 for all time periods :
140 156 181 197 240 228 285 240 318 312 294 360 343 289 279 228 205 220 294 340 312 256 176 142 150 150 204 202 222 275 242 300 286 343 330 311 298 315 273 231 205 250 264 287 260 231 183 163 126 175 204 195 208 236 230 282 280 304 344 341 284 260 297 249 235 236 240 318 260 231 187 173 
#    in scenario 4 for all time periods :
129 152 191 197 220 220 247 276 309 336 308 345 312 266 267 210 215 275 240 343 292 264 185 154 120 154 183 211 248 236 236 294 260 350 301 352 287 260 270 244 200 261 240 343 312 226 170 140 141 159 174 238 238 231 233 294 299 318 334 308 340 322 300 234 238 236 270 340 263 245 174 172 
#    in scenario 5 for all time periods :
147 147 189 202 208 250 259 282 280 350 330 322 308 325 291 223 232 258 240 284 309 272 212 147 150 150 187 218 240 236 262 258 260 336 341 319 336 296 243 244 215 258 264 284 315 256 170 140 141 150 208 214 230 264 253 282 315 284 352 300 332 309 285 247 220 256 294 346 318 264 170 154 
#    in scenario 6 for all time periods :
135 164 189 202 228 258 256 267 315 315 359 304 304 286 273 252 220 270 300 332 266 253 200 145 141 175 212 202 210 223 236 288 299 284 315 368 280 309 300 231 232 272 279 318 260 239 202 175 135 158 196 230 212 236 270 255 306 336 362 315 346 273 273 249 200 250 261 290 325 245 185 175 
#    in scenario 7 for all time periods :
120 173 170 223 210 258 256 261 322 340 294 368 332 263 294 260 242 258 294 308 312 272 187 166 141 159 176 223 200 228 247 294 312 346 319 322 290 302 240 239 245 258 270 332 306 223 202 158 148 173 181 230 232 236 256 264 263 340 326 364 284 286 285 249 200 250 300 312 286 231 191 170 
#    in scenario 8 for all time periods :
132 149 189 202 238 236 285 240 266 336 315 326 280 296 270 220 245 253 297 280 286 264 189 150 140 156 183 195 225 250 233 297 302 329 315 326 329 312 255 262 235 242 255 287 315 226 185 173 129 163 210 235 238 236 264 252 299 312 348 304 322 289 240 220 215 242 291 322 286 272 212 156 
#    in scenario 9 for all time periods :
135 168 174 211 250 270 288 282 315 326 341 360 340 315 285 242 220 220 270 332 280 239 198 149 129 152 183 223 210 275 244 276 266 294 330 326 284 280 258 255 238 220 282 326 289 250 200 156 135 172 196 192 225 275 239 270 283 326 312 360 329 302 255 262 202 245 252 280 296 256 176 150 
# at node 4
#    in scenario 0 for all time periods :
142 164 176 238 235 226 279 285 286 329 334 345 346 312 282 215 218 275 240 343 260 231 208 163 147 170 170 192 228 272 270 243 315 298 304 315 336 309 288 247 200 248 255 284 299 220 200 168 141 166 178 238 210 258 273 264 306 312 297 356 294 312 270 242 202 226 276 308 312 220 193 168 
#    in scenario 1 for all time periods :
123 161 170 211 200 234 233 273 286 346 337 341 350 312 282 247 238 245 246 290 325 253 202 144 132 140 178 216 215 234 242 243 325 336 348 345 332 276 279 249 248 236 255 346 289 242 178 164 124 168 183 221 248 236 256 297 286 340 301 375 287 309 294 210 205 256 294 326 263 234 202 154 
#    in scenario 2 for all time periods :
146 152 208 190 220 245 276 270 273 318 319 338 343 318 258 255 242 226 273 318 309 267 210 142 123 142 176 197 245 261 262 267 283 304 315 300 340 309 291 236 238 234 264 350 306 272 196 164 120 156 206 204 230 272 276 264 260 336 352 315 318 263 240 257 235 258 273 294 309 264 172 164 
#    in scenario 3 for all time periods :
124 164 187 202 238 256 288 255 292 336 341 338 308 276 282 236 222 261 294 350 306 228 172 154 135 173 200 218 245 250 242 291 325 329 362 364 326 260 285 218 245 220 291 294 306 228 178 152 132 150 170 214 210 228 267 279 302 322 297 375 298 296 240 244 208 258 288 284 289 234 185 142 
#    in scenario 4 for all time periods :
122 149 196 195 202 220 239 243 296 280 355 341 280 286 285 223 205 231 246 301 299 270 191 161 129 175 212 223 225 228 233 273 280 280 294 371 298 302 288 262 210 242 288 308 283 270 193 163 150 159 174 195 245 261 250 276 325 346 348 315 346 270 297 231 208 239 273 340 263 250 170 149 
#    in scenario 5 for all time periods :
141 161 202 195 225 223 247 246 273 284 301 368 287 270 261 236 212 231 267 322 315 267 189 147 122 173 183 195 250 253 259 279 322 340 304 319 332 296 252 242 215 248 276 346 260 234 174 140 141 154 183 235 210 250 279 255 299 304 304 311 287 318 285 242 210 267 246 294 318 275 193 142 
#    in scenario 6 for all time periods :
141 152 206 207 208 226 242 240 260 329 330 322 340 292 300 218 210 256 267 343 286 236 174 142 134 154 185 197 232 275 264 273 302 308 334 338 284 322 270 218 212 250 276 346 315 223 189 172 123 170 176 190 215 248 244 291 280 315 308 322 284 302 276 220 215 220 294 322 273 248 198 168 
#    in scenario 7 for all time periods :
123 140 189 235 245 236 282 273 318 318 337 364 298 296 288 226 248 272 267 315 299 239 178 144 132 163 183 195 245 253 236 294 266 343 326 315 346 270 255 231 228 228 264 346 286 261 200 147 142 156 187 204 205 253 264 258 315 350 319 304 318 280 291 247 218 250 264 308 309 253 170 163 
#    in scenario 8 for all time periods :
150 140 198 228 250 223 270 294 302 322 319 341 332 325 300 239 200 245 249 287 292 223 176 163 123 166 172 223 202 223 279 273 276 284 334 375 301 296 261 210 228 270 297 301 260 231 187 156 150 159 176 211 210 239 242 249 322 318 362 345 287 309 267 236 232 220 300 312 283 253 200 145 
#    in scenario 9 for all time periods :
142 163 189 223 205 250 236 258 283 301 344 330 287 315 261 213 245 234 267 329 260 226 200 150 135 175 206 202 228 239 253 288 286 346 308 311 294 270 255 260 230 234 273 308 299 270 206 161 144 145 191 209 202 226 288 249 270 326 352 315 343 299 294 218 205 248 285 326 263 264 178 145 
# at node 5
#    in scenario 0 for all time periods :
144 144 189 221 240 228 256 267 315 298 352 334 308 266 282 226 225 272 282 287 325 248 191 158 150 156 208 211 242 253 270 300 306 318 290 304 326 276 273 239 250 236 291 315 306 231 206 158 126 168 202 223 205 236 288 273 322 315 301 364 322 266 279 257 248 242 252 346 286 226 193 145 
#    in scenario 1 for all time periods :
123 142 198 207 238 236 253 252 312 290 312 308 312 260 267 255 202 270 285 290 289 256 174 166 142 175 181 190 238 239 285 273 260 308 304 326 346 325 300 260 228 264 264 287 312 270 181 149 130 158 174 209 222 250 264 255 286 315 344 349 294 318 243 215 200 258 264 308 263 248 170 172 
#    in scenario 2 for all time periods :
123 144 191 192 215 245 236 279 292 322 315 326 284 322 279 262 240 261 291 312 325 245 170 170 147 149 174 195 235 242 239 240 299 290 330 304 350 302 300 247 238 226 276 294 289 223 198 150 138 145 208 216 208 270 259 255 315 287 323 308 343 299 264 242 230 261 279 304 289 226 200 158 
#    in scenario 3 for all time periods :
150 147 206 228 250 245 264 258 283 340 304 368 290 325 285 231 250 234 282 298 270 220 170 154 128 145 181 235 210 253 267 276 296 318 348 356 304 276 258 239 250 236 258 308 260 258 185 166 146 168 200 230 245 250 276 255 266 322 355 308 284 302 261 236 218 245 294 346 266 253 170 152 
#    in scenario 4 for all time periods :
135 164 212 192 230 228 250 261 289 350 315 352 308 296 267 210 228 256 276 290 325 267 196 156 135 156 191 235 220 253 253 279 286 343 348 319 304 302 243 257 232 270 240 346 318 250 183 175 150 159 181 238 248 267 262 270 312 322 334 352 343 312 252 215 200 261 279 332 280 223 200 140 
#    in scenario 5 for all time periods :
135 150 204 200 242 245 236 285 325 304 359 360 326 302 258 242 210 234 297 343 325 261 200 173 136 140 208 204 220 250 250 252 276 329 319 360 290 325 270 252 245 275 285 308 260 231 210 159 135 145 212 218 208 245 244 258 266 329 290 352 326 322 273 226 248 253 294 294 260 239 200 168 
#    in scenario 6 for all time periods :
120 158 196 214 225 261 267 261 292 280 301 326 326 263 267 220 248 226 249 312 289 226 212 163 130 175 191 204 225 261 250 240 260 336 315 319 326 292 267 226 248 275 276 294 283 275 191 152 130 173 170 221 220 264 236 255 318 287 304 304 315 260 282 260 245 264 273 343 273 245 196 173 
#    in scenario 7 for all time periods :
123 142 172 195 250 267 285 276 273 312 341 308 332 309 249 231 212 242 240 315 315 234 193 173 126 168 183 195 235 228 262 300 289 287 337 319 343 315 294 239 210 223 249 322 286 248 200 168 128 164 183 230 228 258 230 246 306 304 312 364 343 309 276 262 215 248 300 298 273 275 191 166 
#    in scenario 8 for all time periods :
141 173 204 238 238 223 273 261 263 294 337 341 301 263 273 223 210 239 273 343 263 234 191 170 130 149 170 209 240 228 250 270 283 329 297 319 315 325 249 257 205 228 285 301 280 220 176 172 130 147 191 211 208 245 264 240 318 312 330 322 322 302 291 213 230 226 282 329 276 239 206 147 
#    in scenario 9 for all time periods :
123 161 191 197 222 236 267 291 318 280 330 364 284 296 255 249 230 253 273 280 273 245 181 175 123 164 181 211 242 250 288 279 276 298 294 345 346 302 276 218 238 242 255 287 283 272 208 156 150 161 172 204 240 275 233 243 263 287 297 300 346 315 267 247 212 231 270 329 266 253 185 172 
# at node 6
#    in scenario 0 for all time periods :
124 161 193 207 235 245 259 249 322 280 330 311 315 309 291 231 248 231 282 284 292 261 193 149 129 152 193 235 245 223 244 267 273 284 352 349 318 318 264 231 225 239 261 284 302 242 176 144 138 144 200 238 205 239 230 285 325 322 344 360 304 312 300 260 225 267 276 304 263 272 170 164 
#    in scenario 1 for all time periods :
123 156 200 195 220 258 230 288 315 322 308 371 298 312 255 244 212 261 294 290 276 236 183 173 129 159 212 216 208 242 250 270 273 332 348 334 340 263 300 255 225 242 279 336 280 267 191 170 142 142 212 211 200 264 242 291 273 290 334 308 304 266 252 242 238 256 258 315 325 250 200 159 
#    in scenario 2 for all time periods :
142 168 202 200 250 226 242 276 312 294 337 356 304 270 258 215 202 226 300 284 322 226 206 142 146 170 202 207 238 248 264 273 286 298 301 360 350 325 252 239 232 242 300 312 299 275 208 144 140 144 208 190 250 242 276 294 286 287 301 356 298 299 273 255 225 248 285 308 296 253 170 144 
#    in scenario 3 for all time periods :
129 142 170 214 215 253 253 243 266 343 290 326 290 296 300 244 235 253 297 343 263 236 174 154 123 173 181 226 200 267 247 276 276 340 323 338 318 273 297 262 220 234 252 312 283 231 185 173 123 172 212 197 240 231 230 291 325 287 290 338 304 286 243 210 228 248 273 294 309 275 210 170 
#    in scenario 4 for all time periods :
148 144 202 200 230 253 282 261 312 322 330 368 280 280 249 247 250 267 285 304 302 248 208 142 134 149 210 230 232 272 250 297 270 329 359 345 294 263 243 255 250 236 255 329 296 256 212 154 142 152 198 209 202 248 256 243 292 308 315 345 329 296 267 247 212 267 288 301 315 220 183 168 
#    in scenario 5 for all time periods :
134 140 200 228 248 239 250 258 315 308 348 338 350 302 252 252 212 239 249 301 280 236 208 168 130 170 172 218 228 223 233 288 260 284 348 315 322 270 300 231 218 256 276 304 260 267 183 168 120 170 191 223 212 256 273 249 306 336 334 368 318 322 291 247 228 261 264 343 273 242 176 159 
#    in scenario 6 for all time periods :
128 161 185 216 210 250 253 258 276 322 323 364 298 325 300 228 235 228 249 312 273 256 183 168 132 164 185 238 212 267 285 288 296 336 355 356 336 292 270 226 210 272 243 287 299 250 198 166 135 144 191 226 212 267 273 279 276 280 348 338 284 292 246 234 235 267 246 308 299 250 185 147 
#    in scenario 7 for all time periods :
120 173 200 226 215 231 247 267 270 326 359 322 287 289 270 244 200 226 243 322 280 223 212 168 129 156 202 209 220 264 233 294 318 294 359 375 284 292 246 239 242 231 300 280 286 250 202 156 134 149 210 233 238 239 242 300 280 336 323 315 343 325 267 231 220 256 258 298 270 275 202 170 
#    in scenario 8 for all time periods :
132 142 183 226 238 245 264 258 270 290 308 330 350 286 255 255 210 272 288 312 280 226 176 173 126 150 196 230 250 228 267 276 289 318 301 308 350 318 288 262 212 258 267 346 283 258 178 175 134 158 181 207 242 242 279 240 325 343 323 315 284 325 282 223 238 236 246 315 286 231 183 164 
#    in scenario 9 for all time periods :
126 166 198 233 220 272 250 255 270 312 315 375 332 273 276 218 245 234 285 304 273 242 193 140 126 150 187 200 218 264 282 273 286 343 355 300 318 322 285 215 238 272 249 322 266 226 196 164 136 142 189 209 245 236 239 270 289 326 323 326 284 318 264 252 240 248 291 315 286 253 189 149 
# at node 7
#    in scenario 0 for all time periods :
142 147 178 226 205 261 273 279 302 329 352 304 304 263 276 257 215 253 261 284 312 250 200 175 142 173 193 195 238 264 256 261 260 298 326 360 336 260 243 223 230 220 291 308 270 253 178 175 136 154 196 218 225 264 288 288 315 340 323 341 329 318 276 260 208 223 273 346 286 248 198 163 
#    in scenario 1 for all time periods :
132 142 181 238 215 223 244 276 296 301 344 368 326 280 264 249 205 258 291 340 266 267 191 147 120 150 196 221 200 256 236 282 276 290 341 308 336 299 246 215 238 248 249 336 286 248 183 158 120 147 185 202 235 253 262 273 302 326 348 334 301 266 297 262 205 228 270 329 306 234 196 149 
#    in scenario 2 for all time periods :
148 175 176 230 205 236 279 282 276 343 348 371 298 306 297 244 228 228 249 312 263 223 200 168 146 145 206 216 248 264 247 243 289 301 337 352 315 260 246 260 232 231 261 284 280 245 208 145 140 147 200 209 218 272 264 267 280 329 319 364 318 299 252 231 210 275 276 315 289 236 174 140 
#    in scenario 3 for all time periods :
128 159 181 207 238 275 230 258 299 326 344 349 308 263 252 213 212 248 288 280 273 220 204 168 140 159 174 218 220 261 259 258 325 322 334 319 346 276 255 252 200 242 291 346 280 220 183 152 135 156 174 190 210 267 273 291 299 318 337 330 301 292 276 262 218 242 240 294 280 223 200 144 
#    in scenario 4 for all time periods :
138 166 189 218 242 261 279 282 299 284 352 368 290 312 249 218 220 228 240 287 315 270 189 142 122 164 212 228 238 261 239 255 296 298 308 322 332 273 264 244 202 231 300 322 302 256 181 175 136 161 200 204 225 223 264 291 270 318 294 308 290 318 240 218 228 267 285 329 292 245 193 158 
#    in scenario 5 for all time periods :
141 159 178 230 240 272 256 270 263 287 308 334 284 302 273 244 250 236 240 298 309 228 185 142 123 158 183 233 220 231 259 249 283 318 294 300 332 309 291 239 245 226 273 336 276 264 181 173 128 170 202 195 250 242 256 267 266 346 341 375 298 263 264 244 242 231 285 332 260 275 208 145 
#    in scenario 6 for all time periods :
135 142 170 209 220 234 247 255 273 326 341 311 312 280 270 213 218 226 294 290 315 261 210 145 136 150 178 218 222 245 247 261 260 298 315 338 287 260 300 234 218 242 255 322 315 236 181 166 144 166 208 226 208 264 279 240 263 280 334 345 350 306 285 260 210 258 246 280 280 256 174 159 
#    in scenario 7 for all time periods :
130 161 191 197 202 220 256 297 292 343 297 375 340 312 273 213 250 231 246 332 270 275 174 163 146 152 170 238 238 275 256 291 273 301 319 352 284 315 249 252 215 234 270 332 273 275 212 150 144 142 176 223 232 256 262 294 276 294 323 311 294 292 270 255 205 228 285 287 306 228 212 175 
#    in scenario 8 for all time periods :
136 164 170 207 210 242 262 243 260 280 294 326 294 296 243 218 242 275 267 340 273 264 185 164 120 164 193 233 228 239 270 270 309 290 290 349 290 325 300 220 200 248 276 287 318 267 193 163 136 159 176 197 210 231 262 270 273 332 330 319 308 270 279 226 215 270 288 326 315 256 170 163 
#    in scenario 9 for all time periods :
146 166 202 226 232 261 242 288 283 280 301 352 318 263 279 213 242 239 249 332 260 272 187 166 138 172 204 209 202 236 230 264 325 315 330 319 332 322 246 244 235 270 300 340 325 264 193 158 122 144 189 233 248 270 242 264 292 287 294 326 326 292 291 257 230 270 291 298 296 248 204 175 
#Maximum capacity P+gs :
# generator 0 for all scenarios
523 432 537 446 464 423 537 387 387 373 
# generator 1 for all scenarios
432 455 505 382 441 528 400 373 473 450 
# generator 2 for all scenarios
112 107 112 131 125 114 124 120 109 136 
# generator 3 for all scenarios
110 153 144 124 139 156 118 110 148 136 
# generator 4 for all scenarios
154 162 188 178 149 159 173 173 180 175 
# generator 5 for all scenarios
71 71 81 94 96 76 72 68 74 74 
# generator 6 for all scenarios
92 96 94 80 80 75 90 98 79 81 
# generator 7 for all scenarios
59 44 62 63 54 65 48 57 54 59 
# generator 8 for all scenarios
58 63 58 55 52 49 60 48 64 64 
# generator 9 for all scenarios
62 63 48 62 57 44 62 50 63 46 
# generator 10 for all scenarios
455 396 378 369 428 537 441 382 523 455 
# generator 11 for all scenarios
369 387 437 482 464 464 473 432 437 505 
# generator 12 for all scenarios
155 125 136 138 116 108 134 105 146 124 
# generator 13 for all scenarios
121 125 133 139 116 110 142 151 121 118 
# generator 14 for all scenarios
177 141 136 152 175 143 143 188 175 177 
# generator 15 for all scenarios
90 93 67 94 66 94 75 96 66 71 
# generator 16 for all scenarios
73 95 75 73 92 78 71 71 77 74 
# generator 17 for all scenarios
51 64 62 47 63 46 44 61 62 66 
# generator 18 for all scenarios
62 50 60 64 60 58 54 46 62 64 
# generator 19 for all scenarios
53 46 64 57 47 61 51 49 58 63 
#Minimum capacity P-gs:
# generator 0 for all scenarios
177 128 169 178 176 180 130 123 174 174 
# generator 1 for all scenarios
174 174 176 165 123 176 174 158 134 160 
# generator 2 for all scenarios
18 22 22 17 18 17 19 16 16 21 
# generator 3 for all scenarios
20 18 23 22 21 18 24 16 24 20 
# generator 4 for all scenarios
24 20 28 27 30 25 22 30 28 27 
# generator 5 for all scenarios
22 23 23 20 23 19 21 19 22 22 
# generator 6 for all scenarios
21 23 29 30 25 26 28 23 22 22 
# generator 7 for all scenarios
9 8 12 10 11 9 10 8 9 12 
# generator 8 for all scenarios
11 10 8 8 11 9 9 9 10 10 
# generator 9 for all scenarios
10 10 11 8 11 8 9 10 9 12 
# generator 10 for all scenarios
158 176 174 124 140 172 123 126 156 120 
# generator 11 for all scenarios
148 134 126 124 150 174 148 174 123 142 
# generator 12 for all scenarios
16 23 18 21 19 17 21 24 17 23 
# generator 13 for all scenarios
19 24 19 23 21 24 18 23 22 19 
# generator 14 for all scenarios
26 27 26 24 20 24 23 28 23 23 
# generator 15 for all scenarios
22 18 22 17 22 21 21 18 20 20 
# generator 16 for all scenarios
29 21 25 25 26 20 30 21 29 24 
# generator 17 for all scenarios
8 8 10 10 10 11 11 9 9 9 
# generator 18 for all scenarios
8 9 8 12 12 9 12 9 11 11 
# generator 19 for all scenarios
8 9 10 10 10 8 9 9 11 9 
#Maximum ramping for all generators R+g :
250 250 80 80 25 20 25 10 10 10 250 250 80 80 25 20 25 10 10 10 
#Minimum ramping for all generators R-g :
150 150 20 20 25 20 25 10 10 10 150 150 20 20 25 20 25 10 10 10 
#Minimum up time for all generators UTg :
8 8 5 5 6 3 3 1 1 1 8 8 5 5 6 3 3 1 1 1 
#Minimum down time for all generators DTg :
8 8 5 5 6 3 3 1 1 1 8 8 5 5 6 3 3 1 1 1 
#Number of period : N=T
#Total reserve for all time periods Tt : 
60.0 70.0 85.0 95.0 100.0 110.0 115.0 120.0 130.0 140.0 145.0 150.0 140.0 130.0 120.0 105.0 100.0 110.0 120.0 140.0 130.0 110.0 85.0 70.0 60.0 70.0 85.0 95.0 100.0 110.0 115.0 120.0 130.0 140.0 145.0 150.0 140.0 130.0 120.0 105.0 100.0 110.0 120.0 140.0 130.0 110.0 85.0 70.0 60.0 70.0 85.0 95.0 100.0 110.0 115.0 120.0 130.0 140.0 145.0 150.0 140.0 130.0 120.0 105.0 100.0 110.0 120.0 140.0 130.0 110.0 85.0 70.0 
#Fast reserve for all time periods Ft : 
3.0 3.5 4.25 4.75 5.0 5.5 5.75 6.0 6.5 7.0 7.25 7.5 7.0 6.5 6.0 5.25 5.0 5.5 6.0 7.0 6.5 5.5 4.25 3.5 3.0 3.5 4.25 4.75 5.0 5.5 5.75 6.0 6.5 7.0 7.25 7.5 7.0 6.5 6.0 5.25 5.0 5.5 6.0 7.0 6.5 5.5 4.25 3.5 3.0 3.5 4.25 4.75 5.0 5.5 5.75 6.0 6.5 7.0 7.25 7.5 7.0 6.5 6.0 5.25 5.0 5.5 6.0 7.0 6.5 5.5 4.25 3.5 
#Susceptance Bls : 
#Line 0 in all scenarios
0.8 0.72 0.82 0.74 0.6 0.87 0.85 0.73 0.81 0.65 
#Line 1 in all scenarios
0.89 0.83 0.88 0.62 0.65 0.75 0.65 0.76 0.79 0.71 
#Line 2 in all scenarios
0.63 0.86 0.86 0.9 0.84 0.74 0.68 0.69 0.84 0.67 
#Line 3 in all scenarios
0.78 0.84 0.63 0.73 0.79 0.82 0.87 0.64 0.63 0.64 
#Line 4 in all scenarios
0.8 0.82 0.68 0.67 0.88 0.83 0.64 0.79 0.73 0.87 
#Line 5 in all scenarios
0.74 0.66 0.87 0.86 0.85 0.87 0.9 0.85 0.9 0.84 
#Line 6 in all scenarios
0.77 0.7 0.75 0.73 0.87 0.64 0.9 0.67 0.88 0.89 
#Line 7 in all scenarios
0.62 0.6 0.74 0.63 0.83 0.86 0.88 0.9 0.61 0.75 
#Line 8 in all scenarios
0.62 0.61 0.9 0.71 0.69 0.72 0.86 0.82 0.6 0.6 
#Line 9 in all scenarios
0.74 0.66 0.75 0.88 0.69 0.87 0.7 0.7 0.84 0.83 
#Line 10 in all scenarios
0.85 0.81 0.82 0.87 0.83 0.64 0.79 0.89 0.8 0.83 
#Line 11 in all scenarios
0.85 0.67 0.79 0.62 0.74 0.8 0.78 0.86 0.65 0.74 
#Line 12 in all scenarios
0.78 0.6 0.66 0.67 0.77 0.63 0.89 0.84 0.6 0.67 
#Line 13 in all scenarios
0.6 0.79 0.8 0.89 0.74 0.88 0.78 0.72 0.7 0.7 
#Line 14 in all scenarios
0.63 0.62 0.74 0.69 0.82 0.81 0.71 0.84 0.62 0.69 
#Line 15 in all scenarios
0.76 0.85 0.9 0.86 0.65 0.83 0.75 0.84 0.73 0.8 
#Line 16 in all scenarios
0.62 0.85 0.67 0.81 0.89 0.64 0.84 0.62 0.65 0.88 
#Line 17 in all scenarios
0.84 0.61 0.73 0.86 0.84 0.74 0.62 0.82 0.86 0.85 
#Line 18 in all scenarios
0.7 0.87 0.86 0.77 0.72 0.61 0.75 0.73 0.83 0.69 
#Line 19 in all scenarios
0.71 0.8 0.73 0.9 0.79 0.68 0.83 0.76 0.72 0.87 
#Line 20 in all scenarios
0.67 0.62 0.61 0.66 0.87 0.66 0.81 0.84 0.69 0.71 
#Line 21 in all scenarios
0.77 0.67 0.86 0.87 0.83 0.83 0.83 0.6 0.77 0.76 
#Line 22 in all scenarios
0.82 0.77 0.6 0.68 0.79 0.88 0.88 0.62 0.6 0.63 
#Line 23 in all scenarios
0.79 0.69 0.6 0.86 0.68 0.65 0.66 0.72 0.6 0.66 
#Maximum capacity of all lines TCl : 
667 667 667 667 667 667 667 667 667 667 667 667 667 667 667 667 667 667 667 667 667 667 667 667 
#Fast reserve limit of all generators FRg : 
250 250 80 80 25 20 25 10 10 10 250 250 80 80 25 20 25 10 10 10 
#No import groups ICj 
#No polarity gamma-jl 
