#Number of generators G :
20
#Gs :
4 5 6 7 10 13 14 15 16 17 18 19 20 
#Gf :
1 2 3 8 9 11 12 
#S :
10
#T :
48
#L :
24
#N :
8
#Gn (one line contains indices of generators at a node) :
#node 0
1 2 
#node 1
3 4 5 6 7 
#node 2
8 
#node 3
9 
#node 4
10 
#node 5
11 12 13 14 
#node 6
15 16 17 18 19 
#node 7
20 
#LIn (one line contains incoming lines at a node) :
#node 0
8-1 7-1 6-1 
#node 1
1-2 8-2 7-2 
#node 2
2-3 1-3 8-3 
#node 3
3-4 2-4 1-4 
#node 4
4-5 3-5 2-5 
#node 5
5-6 4-6 3-6 
#node 6
6-7 5-7 4-7 
#node 7
7-8 6-8 5-8 
#LOn (one line contains outgoing lines at a node) :
#node 0
1-2 1-3 1-4 
#node 1
2-3 2-4 2-5 
#node 2
3-4 3-5 3-6 
#node 3
4-5 4-6 4-7 
#node 4
5-6 5-7 5-8 
#node 5
6-7 6-8 6-1 
#node 6
7-8 7-1 7-2 
#node 7
8-1 8-2 8-3 
#No import group IG
#No lines in import groups IGj 
#Probability of each scenario ps : 
0.1 0.1 0.1 0.1 0.1 0.1 0.1 0.1 0.1 0.1 
#minimum load cost of generators Kg :
1000 970 700 680 450 370 480 660 665 670 1000 970 700 680 450 370 480 660 665 670 
#start-up of generators Sg :
4500 5000 550 560 900 170 260 30 30 30 4500 5000 550 560 900 170 260 30 30 30 
#marginal cost of generators Cg :
16.19 17.26 16.6 16.5 19.7 22.26 27.74 25.92 27.27 27.79 16.19 17.26 16.6 16.5 19.7 22.26 27.74 25.92 27.27 27.79 
#demand Dnst :
# at node 0
#    in scenario 0 for all time periods :
144 173 176 192 240 234 264 282 322 290 352 319 318 273 249 218 212 236 249 322 270 231 202 163 130 163 178 214 230 253 244 270 299 315 362 304 332 263 282 257 248 272 279 290 266 256 202 175 
#    in scenario 1 for all time periods :
146 149 174 190 232 245 276 288 283 343 308 304 308 266 300 260 200 220 261 308 322 234 206 158 120 164 172 200 202 253 267 261 296 336 312 345 280 273 276 228 232 248 291 332 325 250 174 161 
#    in scenario 2 for all time periods :
140 163 204 207 205 272 264 270 302 304 315 368 326 266 270 236 235 231 267 346 312 258 185 175 126 144 189 230 230 223 256 297 309 318 315 334 336 266 255 260 248 256 255 336 312 248 212 170 
#    in scenario 3 for all time periods :
120 172 183 202 248 245 247 246 302 287 304 368 315 315 297 226 215 223 270 298 270 236 202 144 140 170 198 226 218 267 253 300 296 336 326 352 343 263 297 231 232 256 297 346 286 239 172 147 
#    in scenario 4 for all time periods :
122 144 196 221 235 256 262 279 322 332 315 330 346 325 291 226 205 256 261 294 283 239 172 163 129 170 176 200 250 242 285 258 302 294 304 356 322 260 297 255 250 228 261 322 309 261 206 152 
#    in scenario 5 for all time periods :
136 170 181 204 230 270 267 285 296 350 301 345 280 299 261 210 210 239 294 340 325 223 191 147 123 158 200 221 212 242 253 270 260 318 323 345 340 302 291 228 202 242 282 301 312 275 208 145 
#    in scenario 6 for all time periods :
150 144 185 238 200 275 273 297 286 301 301 345 326 270 252 244 235 234 255 298 286 264 178 164 120 175 204 209 232 220 276 282 289 294 304 308 350 296 249 223 232 256 273 301 263 248 187 142 
#    in scenario 7 for all time periods :
142 168 212 195 240 267 262 294 306 315 362 311 304 309 294 226 200 256 297 294 273 223 210 163 124 142 189 200 232 242 242 288 266 322 355 319 315 260 276 220 212 272 246 287 266 258 185 154 
#    in scenario 8 for all time periods :
141 172 196 200 220 250 270 255 270 308 312 338 350 286 288 228 230 248 270 343 312 228 191 166 140 172 172 216 228 250 282 291 286 301 290 330 287 283 249 257 240 272 264 336 322 256 202 147 
#    in scenario 9 for all time periods :
135 163 204 228 200 253 285 267 322 298 301 345 287 312 258 236 238 242 297 312 289 272 191 170 138 170 204 221 200 236 233 282 260 343 334 311 312 296 243 210 200 228 258 287 273 228 189 156 
# at node 1
#    in scenario 0 for all time periods :
129 145 187 216 230 242 282 258 280 290 297 345 308 283 267 231 210 256 267 287 322 275 193 159 129 156 193 195 248 256 230 276 289 298 323 341 322 270 261 210 200 220 291 312 276 272 206 158 
#    in scenario 1 for all time periods :
148 173 178 214 238 245 259 240 283 336 362 311 318 276 285 247 215 239 285 294 296 231 206 175 146 168 198 202 248 236 236 300 306 318 294 345 340 276 258 215 225 272 258 298 322 242 185 168 
#    in scenario 2 for all time periods :
146 152 198 211 245 234 262 297 273 343 334 341 298 273 240 255 242 236 276 329 292 261 170 142 123 142 181 209 242 239 267 270 312 312 323 319 294 299 291 255 228 275 243 294 283 272 202 159 
#    in scenario 3 for all time periods :
126 161 191 228 238 228 250 300 306 301 341 330 326 299 294 231 240 258 291 318 309 236 193 173 134 156 193 209 245 261 288 288 283 298 301 322 312 325 294 236 212 223 273 304 302 261 183 145 
#    in scenario 4 for all time periods :
123 166 200 207 245 236 285 264 312 336 326 364 294 325 258 262 210 250 243 304 270 264 187 154 132 156 176 216 228 242 262 279 273 322 337 368 287 260 297 215 200 256 249 346 299 234 183 149 
#    in scenario 5 for all time periods :
120 170 187 223 202 253 262 300 296 343 308 364 301 306 243 210 215 258 276 329 280 223 189 159 146 166 189 223 242 264 288 300 266 350 304 326 280 276 276 234 218 242 264 280 260 242 172 140 
#    in scenario 6 for all time periods :
129 159 181 207 202 264 273 294 263 350 362 330 336 283 276 242 210 275 267 294 276 248 176 159 141 152 185 226 240 223 233 282 318 290 323 360 312 306 261 234 202 253 297 294 266 275 178 145 
#    in scenario 7 for all time periods :
129 149 191 228 248 242 262 246 280 284 337 352 346 266 249 257 242 261 243 329 292 231 178 154 120 172 170 226 248 228 264 249 292 346 362 304 340 306 285 218 200 275 255 304 318 258 204 154 
#    in scenario 8 for all time periods :
141 145 174 216 202 236 239 267 276 336 344 349 312 280 291 213 202 223 246 329 289 236 176 144 122 163 172 195 212 236 247 276 325 332 319 349 301 270 276 236 222 220 279 294 289 239 198 156 
#    in scenario 9 for all time periods :
129 140 185 190 205 264 256 294 292 332 344 352 301 325 288 252 218 245 276 336 299 253 210 145 142 172 208 235 235 234 288 276 289 298 290 330 350 296 300 218 232 264 291 287 289 272 206 159 
# at node 2
#    in scenario 0 for all time periods :
129 140 183 190 242 270 247 276 286 322 355 345 301 273 258 239 210 253 246 340 315 242 202 147 135 147 172 228 205 236 242 255 325 280 337 304 326 325 246 228 208 239 252 280 270 228 185 140 
#    in scenario 1 for all time periods :
129 175 210 192 238 270 247 300 266 318 323 308 304 325 258 247 248 226 261 308 270 253 196 168 120 161 208 200 208 261 264 300 325 329 308 330 304 276 258 234 235 264 267 343 260 264 206 168 
#    in scenario 2 for all time periods :
129 159 174 238 225 236 233 279 263 322 312 375 350 280 285 262 225 226 261 322 289 250 172 161 135 168 198 221 250 236 264 240 322 350 301 356 332 292 273 213 240 253 270 346 299 256 185 161 
#    in scenario 3 for all time periods :
136 152 189 200 225 223 282 249 306 301 348 315 294 309 240 242 235 236 294 329 263 256 181 147 142 158 193 209 215 236 273 273 283 343 297 364 290 325 255 213 230 228 252 301 283 239 174 150 
#    in scenario 4 for all time periods :
124 144 202 207 218 239 276 258 312 343 319 341 308 289 249 247 205 253 267 290 270 242 202 140 148 170 208 221 205 231 250 246 318 287 301 326 298 263 297 249 238 270 273 298 315 250 196 144 
#    in scenario 5 for all time periods :
126 163 187 202 205 261 288 252 302 312 319 352 322 266 264 262 242 272 291 329 270 223 193 164 130 173 202 207 240 239 253 276 266 326 312 304 294 315 267 242 240 264 246 287 260 236 193 158 
#    in scenario 6 for all time periods :
123 161 200 209 210 248 247 285 302 308 304 368 315 286 270 247 250 272 273 326 292 245 172 142 147 150 202 233 208 258 230 267 266 304 352 341 290 309 249 239 225 275 264 322 296 234 174 173 
#    in scenario 7 for all time periods :
132 152 196 226 218 248 259 246 292 301 319 375 318 263 273 210 212 242 261 312 312 234 198 173 138 149 187 211 222 258 236 249 315 294 290 315 315 315 240 228 202 275 288 280 312 234 191 175 
#    in scenario 8 for all time periods :
129 145 183 235 210 226 259 267 322 318 319 345 294 263 258 215 238 264 261 343 280 231 198 161 126 140 204 209 210 234 262 285 276 294 337 368 336 263 264 218 232 253 288 280 283 226 210 145 
#    in scenario 9 for all time periods :
140 144 181 228 250 258 276 279 299 336 323 371 322 263 285 255 232 270 294 322 266 239 191 147 144 158 172 214 222 261 233 255 306 332 297 364 284 312 246 236 220 234 279 350 286 236 172 175 
# at node 3
#    in scenario 0 for all time periods :
126 168 202 221 240 270 239 270 270 350 352 349 318 273 288 218 222 220 279 318 283 223 204 175 142 161 198 192 245 242 288 255 309 332 301 311 326 296 273 220 230 220 285 318 286 256 198 154 
#    in scenario 1 for all time periods :
128 158 198 204 245 253 267 267 299 304 337 319 343 306 300 242 245 231 288 287 289 239 193 170 120 158 200 195 238 245 247 279 302 280 326 322 350 312 294 244 225 267 243 322 280 228 212 175 
#    in scenario 2 for all time periods :
134 159 208 202 218 275 279 246 299 304 341 334 315 263 255 257 200 223 252 340 280 250 181 161 138 166 196 218 215 234 242 264 270 294 290 326 287 286 258 223 202 270 273 284 302 253 187 175 
#    in scenario 3 for all time periods :
124 166 189 207 212 253 279 243 302 340 323 334 326 309 291 244 230 261 240 346 312 245 200 158 148 142 196 211 208 253 236 258 322 304 359 371 315 260 291 228 212 264 276 336 280 267 172 170 
#    in scenario 4 for all time periods :
132 156 202 200 202 234 259 282 318 343 323 338 332 283 288 249 242 220 294 318 302 234 212 154 148 152 183 197 210 231 288 291 266 284 319 356 290 263 252 215 222 261 240 315 280 250 210 168 
#    in scenario 5 for all time periods :
120 158 208 223 240 267 233 261 306 343 297 334 304 280 252 239 202 223 300 304 306 272 210 168 136 144 210 190 205 253 250 240 286 312 308 368 350 263 261 247 208 223 276 332 302 256 174 156 
#    in scenario 6 for all time periods :
140 152 172 235 225 250 262 252 318 315 334 375 322 263 267 218 240 236 267 280 266 239 174 164 148 152 204 214 250 236 256 294 276 332 301 315 340 283 294 231 218 264 273 308 299 275 191 150 
#    in scenario 7 for all time periods :
135 163 185 223 232 228 233 270 289 284 315 311 315 276 264 252 220 234 282 329 299 253 189 150 126 166 206 192 240 264 236 249 283 304 326 338 304 266 300 213 205 242 279 284 270 226 206 175 
#    in scenario 8 for all time periods :
132 159 172 204 210 242 242 291 286 318 308 322 332 283 273 231 242 272 288 294 266 236 183 145 126 173 181 235 215 234 285 243 270 284 341 311 287 273 297 215 205 245 246 298 306 220 193 156 
#    in scenario 9 for all time periods :
124 168 198 216 215 253 262 249 289 312 355 311 318 312 273 228 230 228 267 301 286 226 202 163 126 150 178 238 240 239 236 288 270 284 301 368 326 312 273 242 222 248 243 298 276 270 174 168 
# at node 4
#    in scenario 0 for all time periods :
124 164 212 204 205 228 288 285 309 301 334 345 346 266 252 244 212 258 264 315 263 239 206 145 142 145 170 197 218 220 250 297 306 340 290 356 294 325 291 210 248 264 267 284 263 236 174 156 
#    in scenario 1 for all time periods :
129 168 206 218 238 236 247 291 289 312 315 319 308 292 285 244 248 275 270 294 270 245 185 172 138 144 185 223 202 275 253 273 325 298 312 326 343 270 279 234 215 253 267 287 299 220 187 159 
#    in scenario 2 for all time periods :
138 170 210 226 245 261 230 255 322 315 301 311 298 309 270 234 228 220 297 290 312 258 206 168 146 152 176 211 235 253 270 291 280 308 334 330 326 276 252 226 222 270 285 298 276 236 200 158 
#    in scenario 3 for all time periods :
134 170 181 223 242 267 285 240 325 284 337 371 301 286 288 262 208 223 270 350 276 270 191 166 124 140 181 238 210 231 273 273 315 332 304 341 298 280 282 215 248 236 270 287 280 270 191 172 
#    in scenario 4 for all time periods :
148 144 210 192 215 220 239 288 306 346 352 364 346 309 267 249 200 250 252 304 306 264 198 159 130 142 196 228 212 258 264 270 302 350 341 371 322 276 261 257 228 228 273 315 318 272 174 161 
#    in scenario 5 for all time periods :
124 166 212 192 248 248 253 279 315 301 304 308 294 296 246 252 218 250 267 290 318 264 210 140 147 168 202 204 200 270 230 246 260 301 359 352 336 296 285 210 238 242 264 290 266 231 178 163 
#    in scenario 6 for all time periods :
128 163 193 218 202 253 262 249 296 326 290 356 329 263 294 228 235 226 291 329 322 264 198 172 144 152 185 200 210 228 282 255 283 301 301 326 322 266 273 260 202 258 276 312 322 236 189 142 
#    in scenario 7 for all time periods :
148 145 185 214 250 258 259 300 266 308 359 360 346 325 267 215 205 250 270 284 286 272 212 163 132 152 193 211 208 258 244 261 266 290 326 322 304 263 294 244 232 239 252 343 312 228 187 164 
#    in scenario 8 for all time periods :
122 163 187 226 228 253 285 258 312 343 352 326 308 283 246 252 242 270 267 301 286 272 174 158 141 147 208 204 225 256 242 270 283 318 315 345 336 292 240 228 215 223 273 350 283 239 189 161 
#    in scenario 9 for all time periods :
140 175 212 221 210 231 282 240 322 326 319 364 284 315 273 236 238 248 288 332 266 245 202 147 142 147 212 202 232 239 270 243 318 318 330 308 332 283 279 257 202 242 297 298 318 226 208 170 
# at node 5
#    in scenario 0 for all time periods :
129 150 204 192 225 223 239 264 309 280 308 330 301 296 246 218 220 258 267 336 280 234 212 156 134 161 172 200 228 258 250 279 315 315 362 371 322 315 279 236 235 245 243 329 260 245 202 158 
#    in scenario 1 for all time periods :
147 159 181 223 208 275 262 288 306 318 312 315 350 312 255 252 248 242 291 340 263 258 178 150 129 158 210 190 230 250 279 255 292 343 344 356 326 289 297 213 218 256 282 343 309 223 208 154 
#    in scenario 2 for all time periods :
130 144 200 192 210 220 247 264 322 280 304 364 312 289 273 218 212 270 291 346 286 272 183 170 135 142 198 211 228 272 273 297 273 298 330 364 336 289 270 239 235 242 276 280 309 228 187 166 
#    in scenario 3 for all time periods :
140 142 208 226 208 258 279 255 280 318 308 300 301 299 264 239 208 234 252 280 318 258 191 147 140 173 196 200 248 258 262 273 306 322 337 349 290 273 297 228 205 270 282 301 276 261 176 159 
#    in scenario 4 for all time periods :
120 147 183 218 210 223 244 294 322 336 337 311 294 312 255 247 205 267 279 290 296 258 206 150 148 161 206 235 205 242 273 300 273 346 334 352 329 309 288 249 245 264 297 332 273 220 189 156 
#    in scenario 5 for all time periods :
124 163 183 221 245 258 264 291 325 287 312 319 346 306 291 257 215 270 249 287 302 264 174 147 134 154 178 195 248 231 264 291 325 322 326 338 287 289 258 213 235 256 288 340 312 250 212 170 
#    in scenario 6 for all time periods :
141 168 202 207 225 256 273 279 318 290 355 315 294 292 300 260 238 242 258 329 302 248 176 173 142 158 210 223 202 264 236 297 322 318 319 300 329 266 291 234 240 272 246 290 283 226 172 161 
#    in scenario 7 for all time periods :
147 173 212 216 200 231 236 249 286 304 362 326 336 263 249 213 202 236 297 294 312 267 189 154 140 158 202 221 222 220 239 264 286 329 355 345 336 276 243 226 225 250 261 287 270 220 196 175 
#    in scenario 8 for all time periods :
128 149 183 214 225 267 244 261 318 312 315 322 322 306 252 228 208 256 273 304 260 272 204 173 123 144 196 211 205 267 273 267 292 336 352 334 322 260 249 242 208 275 249 315 280 272 172 161 
#    in scenario 9 for all time periods :
126 140 196 214 200 272 270 267 325 294 323 304 326 296 267 252 228 242 258 326 273 239 204 156 136 173 193 214 248 270 259 297 266 326 341 356 290 283 270 260 250 258 285 301 289 234 198 164 
# at node 6
#    in scenario 0 for all time periods :
132 140 208 207 218 242 285 273 296 350 355 311 287 315 264 226 228 220 258 294 322 245 191 150 129 170 172 230 230 242 256 261 270 326 344 330 308 292 261 239 250 258 243 312 296 270 170 147 
#    in scenario 1 for all time periods :
122 164 191 202 205 261 256 240 302 343 348 341 326 306 279 239 238 234 267 301 266 264 210 147 146 172 212 221 248 223 279 240 289 329 348 364 284 263 249 257 218 250 258 284 273 236 193 166 
#    in scenario 2 for all time periods :
134 163 204 223 215 234 264 240 286 294 362 356 294 286 246 220 210 245 282 280 270 275 185 161 132 140 176 216 208 223 253 288 312 315 290 326 336 315 258 260 205 220 285 294 292 270 206 163 
#    in scenario 3 for all time periods :
128 147 204 195 200 253 233 300 280 350 334 334 326 286 288 226 240 248 258 318 286 267 198 147 132 170 170 200 215 228 279 255 312 340 315 338 343 322 294 218 248 270 279 301 266 253 181 164 
#    in scenario 4 for all time periods :
147 164 202 230 208 253 233 246 318 340 352 375 318 312 246 247 212 275 252 326 260 223 193 145 123 175 206 200 230 253 270 288 315 340 362 345 304 302 264 252 220 250 297 280 273 270 212 175 
#    in scenario 5 for all time periods :
120 166 204 200 245 253 282 270 263 298 301 356 326 276 279 252 222 256 255 312 296 270 204 152 142 158 185 190 242 228 262 273 266 350 334 326 336 309 279 210 212 264 273 326 309 228 178 158 
#    in scenario 6 for all time periods :
144 154 174 197 202 236 288 297 325 318 294 360 290 280 249 220 205 256 252 294 312 253 178 163 130 166 204 233 250 270 256 279 315 287 304 345 308 276 264 244 225 234 282 346 286 256 198 150 
#    in scenario 7 for all time periods :
130 159 208 216 220 264 233 246 299 332 362 371 332 322 252 249 210 258 249 294 283 220 174 154 147 168 174 192 228 231 288 273 292 301 312 322 329 280 282 239 230 272 279 346 289 272 200 140 
#    in scenario 8 for all time periods :
123 145 208 204 218 250 259 282 289 315 352 319 322 322 264 255 218 226 270 284 273 226 185 173 148 158 200 197 235 245 264 288 276 298 348 300 350 318 297 215 208 250 282 329 283 261 206 152 
#    in scenario 9 for all time periods :
142 164 174 207 208 223 239 243 263 298 334 300 290 280 243 242 210 248 285 304 302 228 212 152 132 150 200 209 245 248 247 249 322 350 294 315 304 309 243 223 212 272 276 301 270 220 196 156 
# at node 7
#    in scenario 0 for all time periods :
148 152 202 195 248 272 259 240 302 350 312 319 315 266 264 239 242 267 249 301 280 250 189 166 148 140 198 238 225 264 253 243 309 322 308 319 290 299 288 236 222 242 291 329 306 228 176 159 
#    in scenario 1 for all time periods :
141 159 183 233 218 239 267 246 318 332 297 315 301 302 249 231 202 242 288 336 309 234 181 168 128 164 196 221 232 270 270 288 263 298 362 341 298 309 252 247 220 258 252 329 322 234 176 166 
#    in scenario 2 for all time periods :
130 175 191 190 225 270 276 264 322 350 337 352 318 270 264 218 200 258 273 312 312 272 212 158 134 140 210 216 220 231 273 285 286 336 294 356 280 322 270 244 248 264 282 315 318 258 183 172 
#    in scenario 3 for all time periods :
150 154 196 228 230 253 253 276 276 287 294 375 290 318 249 239 212 270 261 287 266 239 200 156 135 161 176 238 250 220 276 288 299 304 315 322 318 273 243 226 222 231 240 318 312 234 196 145 
#    in scenario 4 for all time periods :
142 152 178 223 225 261 273 300 260 318 315 375 298 266 279 215 205 258 264 329 315 234 174 163 141 152 189 230 240 239 282 291 306 318 319 368 322 283 246 226 215 270 264 318 263 226 200 164 
#    in scenario 5 for all time periods :
138 173 198 223 222 245 279 297 273 326 319 300 340 296 294 215 202 258 291 326 302 261 183 168 148 159 172 200 212 264 270 267 306 312 330 360 301 292 246 234 215 258 243 298 292 231 206 175 
#    in scenario 6 for all time periods :
134 145 208 216 218 270 253 243 266 318 326 330 298 296 282 242 228 242 276 312 299 272 204 144 135 168 204 207 220 275 273 267 260 315 297 368 343 299 273 257 205 236 300 301 266 261 174 172 
#    in scenario 7 for all time periods :
147 145 193 230 222 231 239 249 266 340 341 375 315 263 258 223 245 261 279 346 273 248 176 173 128 154 174 195 230 253 270 285 309 290 352 330 346 263 264 249 200 261 294 326 296 256 187 170 
#    in scenario 8 for all time periods :
142 158 198 228 232 220 267 240 283 346 323 326 332 270 240 226 205 272 273 322 276 228 191 166 134 147 200 204 202 248 244 288 315 346 290 349 340 289 279 223 235 231 282 326 306 226 181 147 
#    in scenario 9 for all time periods :
126 142 196 209 222 267 256 294 260 298 334 300 287 299 246 262 218 236 243 290 263 231 187 150 132 168 204 214 235 275 230 255 315 343 294 304 287 292 291 255 245 261 267 315 273 226 210 166 
#Maximum capacity P+gs :
# generator 0 for all scenarios
419 387 400 382 537 460 460 537 455 455 
# generator 1 for all scenarios
455 460 364 432 505 532 423 382 528 460 
# generator 2 for all scenarios
105 116 153 151 114 116 127 121 155 129 
# generator 3 for all scenarios
108 127 142 125 142 146 133 126 148 138 
# generator 4 for all scenarios
165 143 191 130 143 147 172 136 133 193 
# generator 5 for all scenarios
70 85 85 94 90 87 71 79 77 76 
# generator 6 for all scenarios
73 71 99 93 86 77 86 88 78 98 
# generator 7 for all scenarios
60 54 60 45 50 62 45 60 57 65 
# generator 8 for all scenarios
63 65 65 46 47 54 61 50 58 53 
# generator 9 for all scenarios
61 65 55 56 45 50 61 45 63 48 
# generator 10 for all scenarios
546 523 428 414 519 460 510 514 396 373 
# generator 11 for all scenarios
396 428 455 419 469 487 491 400 382 546 
# generator 12 for all scenarios
146 120 136 150 108 121 113 104 144 152 
# generator 13 for all scenarios
118 147 155 126 152 138 120 147 131 122 
# generator 14 for all scenarios
139 143 134 172 130 168 149 175 152 156 
# generator 15 for all scenarios
90 80 83 70 92 85 80 89 65 78 
# generator 16 for all scenarios
75 79 76 101 79 69 84 98 72 102 
# generator 17 for all scenarios
44 66 63 47 60 45 51 54 59 52 
# generator 18 for all scenarios
62 46 47 58 65 65 58 59 65 46 
# generator 19 for all scenarios
57 60 56 58 62 52 61 45 58 56 
#Minimum capacity P-gs:
# generator 0 for all scenarios
180 154 134 134 142 176 142 174 180 180 
# generator 1 for all scenarios
128 129 135 158 168 135 136 135 147 142 
# generator 2 for all scenarios
19 16 17 20 23 17 17 23 17 18 
# generator 3 for all scenarios
22 21 23 20 18 20 18 22 23 24 
# generator 4 for all scenarios
25 21 24 25 30 21 24 28 27 30 
# generator 5 for all scenarios
18 18 18 20 16 22 16 20 17 21 
# generator 6 for all scenarios
30 28 20 23 26 29 29 21 24 21 
# generator 7 for all scenarios
9 8 9 12 11 9 10 11 10 9 
# generator 8 for all scenarios
10 9 10 9 8 8 12 10 8 8 
# generator 9 for all scenarios
12 10 11 9 10 11 11 10 9 11 
# generator 10 for all scenarios
135 123 138 147 150 172 148 129 180 140 
# generator 11 for all scenarios
171 123 140 152 150 132 171 150 146 169 
# generator 12 for all scenarios
19 18 24 23 19 17 17 22 23 22 
# generator 13 for all scenarios
19 23 17 18 18 21 19 20 21 22 
# generator 14 for all scenarios
23 23 25 28 30 26 29 30 24 29 
# generator 15 for all scenarios
17 17 23 19 21 19 22 17 24 16 
# generator 16 for all scenarios
24 27 26 29 29 28 22 29 30 22 
# generator 17 for all scenarios
10 11 11 11 12 11 12 10 9 10 
# generator 18 for all scenarios
10 12 10 8 10 8 10 11 10 11 
# generator 19 for all scenarios
10 9 8 11 10 11 11 12 11 11 
#Maximum ramping for all generators R+g :
250 250 80 80 25 20 25 10 10 10 250 250 80 80 25 20 25 10 10 10 
#Minimum ramping for all generators R-g :
150 150 20 20 25 20 25 10 10 10 150 150 20 20 25 20 25 10 10 10 
#Minimum up time for all generators UTg :
8 8 5 5 6 3 3 1 1 1 8 8 5 5 6 3 3 1 1 1 
#Minimum down time for all generators DTg :
8 8 5 5 6 3 3 1 1 1 8 8 5 5 6 3 3 1 1 1 
#Number of period : N=T
#Total reserve for all time periods Tt : 
60.0 70.0 85.0 95.0 100.0 110.0 115.0 120.0 130.0 140.0 145.0 150.0 140.0 130.0 120.0 105.0 100.0 110.0 120.0 140.0 130.0 110.0 85.0 70.0 60.0 70.0 85.0 95.0 100.0 110.0 115.0 120.0 130.0 140.0 145.0 150.0 140.0 130.0 120.0 105.0 100.0 110.0 120.0 140.0 130.0 110.0 85.0 70.0 
#Fast reserve for all time periods Ft : 
10.5 12.25 14.874999999999998 16.625 17.5 19.25 20.125 21.0 22.75 24.5 25.375 26.25 24.5 22.75 21.0 18.375 17.5 19.25 21.0 24.5 22.75 19.25 14.874999999999998 12.25 10.5 12.25 14.874999999999998 16.625 17.5 19.25 20.125 21.0 22.75 24.5 25.375 26.25 24.5 22.75 21.0 18.375 17.5 19.25 21.0 24.5 22.75 19.25 14.874999999999998 12.25 
#Susceptance Bls : 
#Line 0 in all scenarios
0.8 0.86 0.78 0.88 0.74 0.63 0.88 0.62 0.72 0.75 
#Line 1 in all scenarios
0.73 0.61 0.74 0.86 0.73 0.78 0.88 0.68 0.76 0.81 
#Line 2 in all scenarios
0.64 0.8 0.67 0.66 0.85 0.79 0.6 0.87 0.62 0.65 
#Line 3 in all scenarios
0.88 0.76 0.63 0.72 0.67 0.71 0.72 0.61 0.72 0.64 
#Line 4 in all scenarios
0.77 0.64 0.66 0.69 0.7 0.71 0.74 0.75 0.68 0.69 
#Line 5 in all scenarios
0.72 0.61 0.86 0.77 0.82 0.65 0.87 0.88 0.84 0.73 
#Line 6 in all scenarios
0.71 0.67 0.66 0.79 0.78 0.7 0.83 0.64 0.71 0.75 
#Line 7 in all scenarios
0.8 0.68 0.67 0.79 0.79 0.64 0.71 0.88 0.64 0.69 
#Line 8 in all scenarios
0.63 0.79 0.74 0.69 0.87 0.76 0.85 0.87 0.71 0.72 
#Line 9 in all scenarios
0.62 0.83 0.62 0.84 0.83 0.72 0.65 0.89 0.67 0.64 
#Line 10 in all scenarios
0.71 0.89 0.81 0.9 0.69 0.65 0.9 0.77 0.89 0.8 
#Line 11 in all scenarios
0.7 0.66 0.85 0.86 0.63 0.66 0.85 0.78 0.74 0.82 
#Line 12 in all scenarios
0.71 0.75 0.78 0.6 0.82 0.63 0.72 0.7 0.6 0.72 
#Line 13 in all scenarios
0.62 0.8 0.74 0.79 0.83 0.67 0.64 0.76 0.63 0.61 
#Line 14 in all scenarios
0.77 0.73 0.82 0.79 0.77 0.86 0.89 0.6 0.63 0.86 
#Line 15 in all scenarios
0.77 0.65 0.83 0.72 0.67 0.82 0.85 0.8 0.68 0.9 
#Line 16 in all scenarios
0.8 0.68 0.73 0.8 0.77 0.73 0.81 0.78 0.6 0.63 
#Line 17 in all scenarios
0.68 0.89 0.62 0.7 0.74 0.6 0.66 0.83 0.74 0.83 
#Line 18 in all scenarios
0.6 0.77 0.75 0.75 0.89 0.62 0.81 0.74 0.75 0.85 
#Line 19 in all scenarios
0.79 0.61 0.89 0.88 0.87 0.85 0.73 0.68 0.89 0.86 
#Line 20 in all scenarios
0.84 0.85 0.79 0.74 0.81 0.78 0.62 0.81 0.68 0.75 
#Line 21 in all scenarios
0.74 0.81 0.65 0.81 0.64 0.86 0.68 0.72 0.87 0.67 
#Line 22 in all scenarios
0.77 0.72 0.65 0.62 0.74 0.76 0.86 0.8 0.81 0.9 
#Line 23 in all scenarios
0.89 0.67 0.63 0.74 0.83 0.88 0.78 0.76 0.67 0.85 
#Maximum capacity of all lines TCl : 
667 667 667 667 667 667 667 667 667 667 667 667 667 667 667 667 667 667 667 667 667 667 667 667 
#Fast reserve limit of all generators FRg : 
250 250 80 80 25 20 25 10 10 10 250 250 80 80 25 20 25 10 10 10 
#No import groups ICj 
#No polarity gamma-jl 
