#Number of generators G :
20
#Gs :
3 4 5 6 11 12 15 17 18 20 
#Gf :
1 2 7 8 9 10 13 14 16 19 
#S :
10
#T :
48
#L :
18
#N :
6
#Gn (one line contains indices of generators at a node) :
#node 0
1 2 
#node 1
3 4 5 6 
#node 2
7 8 9 10 
#node 3
11 12 
#node 4
13 14 15 
#node 5
16 17 18 19 20 
#LIn (one line contains incoming lines at a node) :
#node 0
6-1 5-1 4-1 
#node 1
1-2 6-2 5-2 
#node 2
2-3 1-3 6-3 
#node 3
3-4 2-4 1-4 
#node 4
4-5 3-5 2-5 
#node 5
5-6 4-6 3-6 
#LOn (one line contains outgoing lines at a node) :
#node 0
1-2 1-3 1-4 
#node 1
2-3 2-4 2-5 
#node 2
3-4 3-5 3-6 
#node 3
4-5 4-6 4-1 
#node 4
5-6 5-1 5-2 
#node 5
6-1 6-2 6-3 
#No import group IG
#No lines in import groups IGj 
#Probability of each scenario ps : 
0.1 0.1 0.1 0.1 0.1 0.1 0.1 0.1 0.1 0.1 
#minimum load cost of generators Kg :
1000 970 700 680 450 370 480 660 665 670 1000 970 700 680 450 370 480 660 665 670 
#start-up of generators Sg :
4500 5000 550 560 900 170 260 30 30 30 4500 5000 550 560 900 170 260 30 30 30 
#marginal cost of generators Cg :
16.19 17.26 16.6 16.5 19.7 22.26 27.74 25.92 27.27 27.79 16.19 17.26 16.6 16.5 19.7 22.26 27.74 25.92 27.27 27.79 
#demand Dnst :
# at node 0
#    in scenario 0 for all time periods :
182 201 238 260 323 315 383 344 390 373 478 440 425 433 364 284 317 293 332 401 429 304 244 231 164 215 232 288 333 337 310 352 403 383 396 445 453 399 384 304 287 304 336 378 416 312 230 229 
#    in scenario 1 for all time periods :
198 208 272 307 280 319 368 388 360 383 401 465 378 373 348 312 287 301 336 373 377 312 261 233 166 215 261 279 277 323 318 388 429 397 392 415 420 420 352 301 333 301 364 397 399 319 244 219 
#    in scenario 2 for all time periods :
180 201 246 257 293 334 376 336 381 462 392 450 420 399 324 346 293 315 344 401 433 308 275 229 198 217 275 295 277 348 330 344 351 467 454 450 462 390 348 315 307 330 368 443 433 356 261 210 
#    in scenario 3 for all time periods :
162 208 252 314 327 308 334 384 412 387 392 410 392 407 392 284 277 312 384 415 416 301 269 215 164 222 227 317 277 297 334 376 390 443 401 445 383 412 380 329 290 330 380 387 390 304 252 233 
#    in scenario 4 for all time periods :
196 226 264 285 300 326 372 368 360 425 411 415 439 407 372 308 307 308 344 420 416 301 238 187 192 187 258 295 273 334 334 360 364 453 435 465 434 377 376 294 287 312 368 387 407 312 258 203 
#    in scenario 5 for all time periods :
160 196 278 288 327 319 314 332 373 411 445 460 462 390 336 308 280 293 384 425 368 326 244 194 174 187 261 314 333 297 383 396 394 425 387 400 415 394 352 304 290 352 320 373 390 297 249 212 
#    in scenario 6 for all time periods :
186 226 249 310 293 330 364 352 381 406 396 475 429 420 344 329 303 356 336 387 407 341 230 205 194 194 249 266 287 359 310 396 429 401 440 500 439 360 360 318 267 330 388 392 368 315 230 196 
#    in scenario 7 for all time periods :
188 210 258 304 330 308 364 324 416 411 483 465 415 360 388 312 283 330 352 383 394 308 227 226 174 194 258 279 313 363 326 336 368 401 387 480 420 433 320 322 310 348 348 411 377 315 232 224 
#    in scenario 8 for all time periods :
162 196 244 279 303 348 337 372 386 453 445 470 448 364 348 284 283 359 396 439 351 323 269 215 200 215 272 269 290 326 372 336 403 401 392 450 411 429 352 290 303 359 372 462 386 323 246 233 
#    in scenario 9 for all time periods :
188 231 280 314 333 308 380 372 360 378 411 495 392 364 348 343 303 352 336 415 368 312 246 222 190 196 283 307 323 297 368 392 386 439 445 445 443 381 324 304 280 323 380 457 351 323 241 203 
# at node 1
#    in scenario 0 for all time periods :
186 231 280 253 277 301 368 392 420 425 430 405 443 433 344 318 300 348 340 462 425 312 232 226 198 205 278 301 327 319 326 388 381 387 464 480 397 377 388 280 307 348 400 434 394 341 230 229 
#    in scenario 1 for all time periods :
162 210 238 304 307 367 368 324 403 415 406 500 425 373 328 294 267 326 344 411 373 359 255 201 162 208 241 276 310 304 372 324 347 378 464 400 411 394 340 315 293 312 380 397 403 334 246 233 
#    in scenario 2 for all time periods :
172 191 272 272 290 330 364 348 412 457 411 490 434 399 360 343 327 319 376 420 373 341 278 203 190 224 269 266 330 337 337 368 355 387 411 465 439 429 380 336 327 323 388 448 360 323 258 215 
#    in scenario 3 for all time periods :
176 189 264 295 303 319 356 400 394 429 406 435 420 394 360 304 300 337 372 387 416 312 266 212 192 201 246 310 317 352 360 368 381 425 445 425 401 373 324 343 273 301 372 434 429 363 241 203 
#    in scenario 4 for all time periods :
192 231 232 282 313 293 337 352 360 420 396 475 453 416 328 290 293 367 324 420 425 345 283 189 178 191 232 307 333 337 318 348 381 443 469 475 383 360 380 280 297 304 400 443 429 359 261 201 
#    in scenario 5 for all time periods :
180 203 266 307 297 348 356 388 351 383 420 425 406 355 384 287 333 348 336 392 381 308 249 219 182 187 249 291 320 341 314 364 381 439 483 490 439 429 332 301 293 352 336 443 373 345 241 198 
#    in scenario 6 for all time periods :
186 229 230 317 283 356 383 332 355 448 459 415 406 433 364 304 307 345 344 373 351 363 241 187 190 196 246 314 323 301 383 340 412 383 459 485 453 381 360 350 313 308 368 383 425 323 246 191 
#    in scenario 7 for all time periods :
198 194 246 263 313 352 380 356 381 415 440 400 462 412 392 308 303 315 328 383 364 308 232 194 160 219 235 272 283 348 334 384 429 429 440 415 467 416 372 287 330 341 384 383 394 312 252 229 
#    in scenario 8 for all time periods :
194 212 278 301 267 297 349 324 373 401 420 410 406 412 392 287 297 363 356 406 377 297 244 224 168 212 275 288 327 315 349 340 355 401 469 495 429 360 352 294 267 323 400 467 399 359 238 215 
#    in scenario 9 for all time periods :
166 212 227 260 307 330 360 368 373 392 450 450 415 399 340 294 277 334 392 392 399 363 278 229 180 226 266 291 297 363 360 324 407 467 464 480 415 386 340 284 283 293 388 415 425 334 244 217 
# at node 2
#    in scenario 0 for all time periods :
198 196 280 301 283 352 376 376 347 406 396 485 439 403 324 298 297 304 400 457 412 326 261 231 168 210 275 282 267 304 349 384 386 387 396 495 429 351 372 308 300 293 376 439 433 334 255 208 
#    in scenario 1 for all time periods :
192 187 255 260 283 323 364 356 377 406 445 470 415 368 336 294 300 352 392 420 394 326 238 203 182 224 235 310 277 345 353 356 412 387 450 470 467 429 372 318 273 326 356 443 433 352 278 196 
#    in scenario 2 for all time periods :
174 191 280 282 310 308 349 344 386 439 411 475 397 351 320 304 307 326 376 383 416 330 238 215 160 212 278 260 280 308 368 376 433 434 425 500 453 368 368 326 277 315 400 434 368 297 252 210 
#    in scenario 3 for all time periods :
178 196 266 301 303 334 334 356 429 457 416 490 429 381 340 340 310 330 344 411 433 312 246 205 160 210 272 276 327 330 307 364 407 467 411 400 383 394 396 290 267 348 352 411 403 330 258 229 
#    in scenario 4 for all time periods :
200 189 230 276 303 330 345 388 377 397 387 485 397 433 392 336 297 304 376 429 381 348 261 210 178 208 283 266 313 304 318 320 399 467 406 470 401 412 324 304 333 359 396 420 368 301 280 205 
#    in scenario 5 for all time periods :
176 191 283 288 283 297 353 356 381 453 401 455 397 390 384 332 270 363 344 387 368 348 275 196 174 226 249 269 310 356 337 328 399 457 425 425 429 360 340 287 330 319 328 453 373 330 278 215 
#    in scenario 6 for all time periods :
170 226 272 291 283 348 356 340 394 392 469 405 467 407 344 301 330 297 348 387 416 367 280 231 182 229 272 279 280 348 322 372 420 462 483 435 406 360 324 304 293 293 364 429 416 337 266 215 
#    in scenario 7 for all time periods :
164 212 280 310 273 304 310 356 390 429 416 480 467 420 372 294 277 312 324 415 364 308 255 189 196 198 283 272 323 356 314 320 381 411 392 445 406 381 320 284 313 301 360 434 360 293 232 208 
#    in scenario 8 for all time periods :
178 222 255 291 320 301 353 368 377 397 392 485 434 399 372 287 303 304 364 457 351 326 261 208 168 219 272 276 330 293 334 328 425 453 478 450 429 407 376 280 270 345 384 373 381 334 232 205 
#    in scenario 9 for all time periods :
184 224 258 269 267 341 307 348 347 397 406 440 425 403 320 312 320 352 360 373 355 334 241 201 196 226 249 282 317 319 318 384 364 420 469 430 467 364 400 326 333 352 320 443 420 359 235 215 
# at node 3
#    in scenario 0 for all time periods :
186 196 227 276 293 326 310 328 377 415 478 455 387 394 352 346 303 334 364 401 377 334 264 208 180 217 283 301 273 363 376 344 429 387 474 485 415 416 372 340 317 308 336 429 377 345 241 222 
#    in scenario 1 for all time periods :
182 224 230 257 313 363 364 344 355 406 401 425 401 416 396 350 317 326 396 406 373 363 275 210 172 187 280 301 320 293 322 380 368 387 401 455 373 420 400 332 320 297 364 415 355 348 227 194 
#    in scenario 2 for all time periods :
160 208 246 272 290 319 345 340 355 429 445 420 439 407 328 332 267 312 364 457 425 304 238 194 162 194 264 253 320 319 314 332 390 411 483 475 448 364 376 340 333 352 372 448 377 359 266 233 
#    in scenario 3 for all time periods :
166 231 261 310 317 323 368 360 351 373 406 500 392 433 396 287 280 308 332 420 425 319 244 231 172 224 255 269 330 345 380 328 416 392 425 480 415 425 396 346 333 348 360 383 364 367 258 189 
#    in scenario 4 for all time periods :
170 198 258 266 273 297 314 380 420 387 459 415 434 433 376 318 290 312 396 420 364 352 261 231 166 210 261 314 270 363 383 360 433 453 420 455 453 351 324 350 313 326 336 401 368 326 249 191 
#    in scenario 5 for all time periods :
198 229 272 285 300 319 364 348 351 387 469 410 397 394 324 318 313 334 348 429 394 297 238 189 160 205 266 317 317 348 334 384 351 392 416 435 443 433 368 318 333 330 328 420 399 297 255 224 
#    in scenario 6 for all time periods :
194 224 272 304 297 356 368 328 412 462 430 500 467 368 332 326 273 337 336 425 355 319 246 196 178 226 280 301 327 315 307 324 433 457 387 450 415 364 340 318 307 304 348 425 399 341 249 231 
#    in scenario 7 for all time periods :
192 194 227 253 327 352 345 392 412 392 459 475 439 433 380 336 300 367 392 397 377 352 244 226 180 217 246 272 280 323 360 352 429 457 430 415 439 381 392 329 277 367 392 457 394 323 235 233 
#    in scenario 8 for all time periods :
168 233 232 263 287 337 383 392 425 467 469 500 462 364 364 298 323 297 388 453 364 345 258 205 168 187 255 288 270 352 330 376 377 467 416 410 401 381 376 308 323 323 380 411 386 326 258 201 
#    in scenario 9 for all time periods :
172 208 241 307 320 323 310 388 429 429 469 485 401 416 396 304 283 363 324 453 429 323 272 203 174 219 264 276 310 308 318 344 373 448 450 475 401 390 332 308 323 367 356 429 351 308 275 231 
# at node 4
#    in scenario 0 for all time periods :
190 194 249 269 290 348 334 388 390 439 425 480 448 425 352 336 307 297 360 378 394 367 269 226 190 212 258 310 283 334 310 380 360 411 420 475 415 377 320 340 303 308 324 462 368 323 255 201 
#    in scenario 1 for all time periods :
198 196 244 282 283 356 364 360 368 457 440 500 443 381 340 312 303 323 400 462 394 315 272 191 200 233 241 266 300 359 307 380 351 415 445 455 373 407 376 308 333 312 332 434 394 308 235 233 
#    in scenario 2 for all time periods :
170 198 269 291 277 315 345 324 355 401 469 480 448 399 332 346 327 341 368 420 360 323 244 194 160 201 255 317 327 334 337 332 403 448 392 495 415 425 396 287 310 297 356 406 368 323 272 201 
#    in scenario 3 for all time periods :
166 189 235 310 313 367 314 328 386 420 435 455 462 429 352 326 287 301 380 383 360 363 238 224 196 215 283 260 277 352 353 392 433 453 411 415 387 351 380 343 327 348 372 467 347 304 232 215 
#    in scenario 4 for all time periods :
186 224 249 276 307 323 334 396 377 397 459 400 434 416 376 322 270 359 388 378 360 308 241 196 166 203 246 307 277 334 341 388 351 439 411 440 392 403 388 284 307 323 396 467 368 334 278 224 
#    in scenario 5 for all time periods :
182 194 244 266 320 341 310 360 377 425 406 465 462 412 348 301 317 345 328 434 412 337 258 189 162 196 246 260 300 304 383 384 373 467 411 440 434 433 344 304 283 319 332 457 412 356 283 229 
#    in scenario 6 for all time periods :
192 198 258 304 313 301 345 368 377 467 387 435 439 377 364 322 280 363 344 415 360 323 269 229 184 205 238 288 280 297 364 340 399 429 396 460 439 420 336 332 300 359 368 406 364 341 275 187 
#    in scenario 7 for all time periods :
184 210 227 276 317 345 310 380 351 401 469 420 439 355 336 312 290 315 328 392 364 323 252 212 174 189 280 260 307 334 372 376 416 429 478 465 448 394 336 312 300 341 400 387 420 345 246 231 
#    in scenario 8 for all time periods :
182 201 227 285 267 363 372 356 403 415 445 425 397 394 360 315 273 326 356 434 390 348 238 208 184 219 278 257 280 297 364 380 429 429 435 480 411 407 396 343 320 352 396 467 360 352 264 208 
#    in scenario 9 for all time periods :
168 205 252 307 327 319 356 380 390 397 396 400 434 420 360 350 327 334 336 387 355 352 272 210 198 201 280 257 287 326 330 380 420 383 478 420 462 377 388 280 320 359 364 448 394 352 230 198 
# at node 5
#    in scenario 0 for all time periods :
170 215 272 263 310 312 345 352 355 411 387 490 457 425 344 308 283 293 376 378 364 363 269 198 190 201 232 285 333 367 337 352 399 439 401 465 387 377 356 329 270 293 376 453 425 301 275 217 
#    in scenario 1 for all time periods :
182 217 272 310 307 352 383 368 368 443 401 495 420 420 376 329 330 315 368 453 420 348 261 208 174 203 232 298 267 341 330 356 351 448 464 470 425 394 380 284 333 348 384 457 373 348 278 201 
#    in scenario 2 for all time periods :
200 215 232 282 300 323 376 336 394 415 459 460 425 377 320 308 310 341 340 406 386 363 278 198 176 198 246 310 277 348 349 340 364 457 401 420 411 368 344 301 320 293 356 406 407 341 283 189 
#    in scenario 3 for all time periods :
166 208 283 282 297 337 353 388 364 462 440 445 397 355 360 329 303 301 324 415 433 293 280 217 182 201 280 298 307 297 376 360 394 383 396 445 462 360 340 298 307 308 380 378 386 304 261 198 
#    in scenario 4 for all time periods :
186 219 272 253 270 293 349 372 386 443 425 470 411 381 336 304 290 363 328 439 360 312 255 208 164 203 272 304 330 319 360 360 420 448 416 435 420 368 352 340 273 359 364 457 381 345 238 226 
#    in scenario 5 for all time periods :
194 219 230 282 290 363 326 340 381 411 392 485 429 368 388 329 273 301 384 439 420 352 255 196 192 231 230 288 283 359 372 332 394 439 425 405 439 364 384 304 333 304 340 453 386 330 232 203 
#    in scenario 6 for all time periods :
172 210 235 266 283 319 326 344 373 420 392 465 453 420 348 298 293 323 364 392 416 348 230 222 176 187 275 295 283 341 380 400 381 415 440 445 439 355 364 340 267 348 396 434 360 363 238 217 
#    in scenario 7 for all time periods :
174 233 241 314 300 293 318 352 381 453 420 480 434 429 332 294 297 312 320 406 416 312 264 205 186 187 252 260 297 356 326 340 386 453 483 455 467 425 360 308 330 334 380 443 425 319 275 198 
#    in scenario 8 for all time periods :
176 187 261 253 270 323 345 336 373 401 396 460 392 420 348 332 280 352 372 439 368 319 238 189 164 189 230 279 297 337 318 384 351 415 416 455 457 407 400 280 323 334 336 420 360 341 278 212 
#    in scenario 9 for all time periods :
200 212 272 260 333 348 318 328 394 425 406 470 397 377 380 284 277 308 344 420 368 352 232 201 190 215 283 298 273 356 337 388 412 434 454 400 397 407 364 312 283 341 332 467 407 323 280 233 
#Maximum capacity P+gs :
# generator 0 for all scenarios
541 373 460 496 473 428 519 400 487 373 
# generator 1 for all scenarios
387 428 523 400 528 510 378 473 523 537 
# generator 2 for all scenarios
118 133 153 108 142 129 110 151 122 114 
# generator 3 for all scenarios
142 125 130 110 110 151 151 138 135 120 
# generator 4 for all scenarios
165 133 138 138 149 138 154 160 173 156 
# generator 5 for all scenarios
70 65 74 78 70 70 87 94 86 67 
# generator 6 for all scenarios
94 88 87 76 75 83 78 81 73 102 
# generator 7 for all scenarios
64 55 49 56 50 57 59 45 64 48 
# generator 8 for all scenarios
65 44 55 63 61 51 46 48 63 57 
# generator 9 for all scenarios
58 46 66 66 58 56 65 52 61 56 
# generator 10 for all scenarios
432 532 437 414 501 523 455 428 391 387 
# generator 11 for all scenarios
450 410 464 391 501 437 528 364 405 469 
# generator 12 for all scenarios
114 144 146 142 129 127 125 126 138 122 
# generator 13 for all scenarios
148 156 140 118 144 136 150 148 120 133 
# generator 14 for all scenarios
175 149 146 130 191 180 141 172 173 188 
# generator 15 for all scenarios
66 65 87 87 91 83 65 72 91 66 
# generator 16 for all scenarios
73 94 96 85 74 79 82 92 85 101 
# generator 17 for all scenarios
63 46 50 57 56 57 60 50 65 50 
# generator 18 for all scenarios
62 47 48 62 58 64 62 54 48 66 
# generator 19 for all scenarios
50 45 64 45 56 51 52 53 64 44 
#Minimum capacity P-gs:
# generator 0 for all scenarios
146 135 158 162 169 134 126 172 154 144 
# generator 1 for all scenarios
150 124 128 154 162 153 164 136 174 120 
# generator 2 for all scenarios
23 23 19 18 22 21 22 18 20 19 
# generator 3 for all scenarios
21 17 17 21 23 22 23 22 20 20 
# generator 4 for all scenarios
26 22 22 30 20 26 25 23 25 25 
# generator 5 for all scenarios
23 21 21 17 20 21 24 22 17 23 
# generator 6 for all scenarios
28 21 22 25 24 23 24 28 30 28 
# generator 7 for all scenarios
12 9 10 8 10 10 11 9 11 8 
# generator 8 for all scenarios
11 9 11 10 10 10 10 10 10 8 
# generator 9 for all scenarios
12 8 9 10 12 10 9 12 11 9 
# generator 10 for all scenarios
132 136 178 147 129 132 168 128 134 162 
# generator 11 for all scenarios
147 128 146 178 180 152 129 159 126 152 
# generator 12 for all scenarios
17 21 19 18 19 18 23 21 22 21 
# generator 13 for all scenarios
20 20 22 21 20 19 16 18 23 23 
# generator 14 for all scenarios
27 24 26 29 23 26 26 28 22 25 
# generator 15 for all scenarios
18 21 21 20 17 23 19 21 24 17 
# generator 16 for all scenarios
27 24 28 28 24 23 21 27 26 28 
# generator 17 for all scenarios
9 10 9 10 11 8 8 10 10 8 
# generator 18 for all scenarios
9 11 9 9 9 9 11 11 10 11 
# generator 19 for all scenarios
12 10 8 8 12 10 11 10 9 12 
#Maximum ramping for all generators R+g :
250 250 80 80 25 20 25 10 10 10 250 250 80 80 25 20 25 10 10 10 
#Minimum ramping for all generators R-g :
150 150 20 20 25 20 25 10 10 10 150 150 20 20 25 20 25 10 10 10 
#Minimum up time for all generators UTg :
8 8 5 5 6 3 3 1 1 1 8 8 5 5 6 3 3 1 1 1 
#Minimum down time for all generators DTg :
8 8 5 5 6 3 3 1 1 1 8 8 5 5 6 3 3 1 1 1 
#Number of period : N=T
#Total reserve for all time periods Tt : 
60.0 70.0 85.0 95.0 100.0 110.0 115.0 120.0 130.0 140.0 145.0 150.0 140.0 130.0 120.0 105.0 100.0 110.0 120.0 140.0 130.0 110.0 85.0 70.0 60.0 70.0 85.0 95.0 100.0 110.0 115.0 120.0 130.0 140.0 145.0 150.0 140.0 130.0 120.0 105.0 100.0 110.0 120.0 140.0 130.0 110.0 85.0 70.0 
#Fast reserve for all time periods Ft : 
15.0 17.5 21.25 23.75 25.0 27.5 28.75 30.0 32.5 35.0 36.25 37.5 35.0 32.5 30.0 26.25 25.0 27.5 30.0 35.0 32.5 27.5 21.25 17.5 15.0 17.5 21.25 23.75 25.0 27.5 28.75 30.0 32.5 35.0 36.25 37.5 35.0 32.5 30.0 26.25 25.0 27.5 30.0 35.0 32.5 27.5 21.25 17.5 
#Susceptance Bls : 
#Line 0 in all scenarios
0.84 0.76 0.67 0.84 0.79 0.6 0.77 0.72 0.83 0.78 
#Line 1 in all scenarios
0.63 0.64 0.71 0.71 0.73 0.78 0.87 0.6 0.85 0.83 
#Line 2 in all scenarios
0.87 0.86 0.66 0.67 0.88 0.67 0.89 0.72 0.63 0.74 
#Line 3 in all scenarios
0.69 0.78 0.61 0.6 0.72 0.82 0.6 0.7 0.9 0.83 
#Line 4 in all scenarios
0.74 0.65 0.62 0.64 0.87 0.82 0.61 0.86 0.69 0.79 
#Line 5 in all scenarios
0.84 0.78 0.87 0.76 0.65 0.84 0.62 0.84 0.85 0.84 
#Line 6 in all scenarios
0.8 0.84 0.66 0.86 0.78 0.62 0.67 0.6 0.7 0.88 
#Line 7 in all scenarios
0.88 0.77 0.68 0.74 0.62 0.85 0.74 0.71 0.77 0.82 
#Line 8 in all scenarios
0.68 0.67 0.61 0.79 0.74 0.6 0.7 0.65 0.67 0.67 
#Line 9 in all scenarios
0.71 0.86 0.73 0.78 0.84 0.88 0.64 0.88 0.6 0.8 
#Line 10 in all scenarios
0.9 0.83 0.81 0.87 0.75 0.88 0.73 0.69 0.83 0.71 
#Line 11 in all scenarios
0.82 0.82 0.89 0.81 0.81 0.82 0.71 0.6 0.79 0.6 
#Line 12 in all scenarios
0.81 0.84 0.75 0.78 0.63 0.69 0.76 0.89 0.8 0.65 
#Line 13 in all scenarios
0.74 0.6 0.81 0.66 0.61 0.87 0.61 0.74 0.8 0.69 
#Line 14 in all scenarios
0.82 0.78 0.86 0.78 0.88 0.62 0.68 0.79 0.66 0.8 
#Line 15 in all scenarios
0.87 0.61 0.88 0.7 0.81 0.61 0.72 0.73 0.67 0.69 
#Line 16 in all scenarios
0.82 0.6 0.76 0.6 0.63 0.69 0.64 0.8 0.73 0.89 
#Line 17 in all scenarios
0.89 0.76 0.85 0.65 0.7 0.66 0.65 0.7 0.85 0.71 
#Maximum capacity of all lines TCl : 
667 667 667 667 667 667 667 667 667 667 667 667 667 667 667 667 667 667 
#Fast reserve limit of all generators FRg : 
250 250 80 80 25 20 25 10 10 10 250 250 80 80 25 20 25 10 10 10 
#No import groups ICj 
#No polarity gamma-jl 
