#Number of generators G :
20
#Gs :
2 3 4 5 6 7 8 9 10 11 14 15 18 19 20 
#Gf :
1 12 13 16 17 
#S :
25
#T :
24
#L :
18
#N :
6
#Gn (one line contains indices of generators at a node) :
#node 0
1 2 
#node 1
3 4 5 
#node 2
6 7 8 9 10 
#node 3
11 12 13 14 15 
#node 4
16 17 
#node 5
18 19 20 
#LIn (one line contains incoming lines at a node) :
#node 0
6-1 5-1 4-1 
#node 1
1-2 6-2 5-2 
#node 2
2-3 1-3 6-3 
#node 3
3-4 2-4 1-4 
#node 4
4-5 3-5 2-5 
#node 5
5-6 4-6 3-6 
#LOn (one line contains outgoing lines at a node) :
#node 0
1-2 1-3 1-4 
#node 1
2-3 2-4 2-5 
#node 2
3-4 3-5 3-6 
#node 3
4-5 4-6 4-1 
#node 4
5-6 5-1 5-2 
#node 5
6-1 6-2 6-3 
#No import group IG
#No lines in import groups IGj 
#Probability of each scenario ps : 
0.04 0.04 0.04 0.04 0.04 0.04 0.04 0.04 0.04 0.04 0.04 0.04 0.04 0.04 0.04 0.04 0.04 0.04 0.04 0.04 0.04 0.04 0.04 0.04 0.04 
#minimum load cost of generators Kg :
1000 970 700 680 450 370 480 660 665 670 1000 970 700 680 450 370 480 660 665 670 
#start-up of generators Sg :
4500 5000 550 560 900 170 260 30 30 30 4500 5000 550 560 900 170 260 30 30 30 
#marginal cost of generators Cg :
16.19 17.26 16.6 16.5 19.7 22.26 27.74 25.92 27.27 27.79 16.19 17.26 16.6 16.5 19.7 22.26 27.74 25.92 27.27 27.79 
#demand Dnst :
# at node 0
#    in scenario 0 for all time periods :
186 210 241 310 287 308 368 392 394 453 474 500 387 360 372 340 287 334 364 434 368 315 244 229 
#    in scenario 1 for all time periods :
196 212 283 288 317 308 360 396 416 443 396 495 453 377 332 326 320 356 332 387 407 315 238 229 
#    in scenario 2 for all time periods :
184 233 238 304 290 356 360 376 377 420 387 410 457 429 328 290 297 297 400 420 394 315 255 222 
#    in scenario 3 for all time periods :
162 198 235 288 283 293 345 392 412 462 445 470 383 390 336 346 317 363 388 397 373 326 275 191 
#    in scenario 4 for all time periods :
176 222 266 317 317 326 345 332 381 457 445 470 457 399 376 350 307 293 380 467 373 352 275 219 
#    in scenario 5 for all time periods :
166 205 235 304 297 312 349 388 407 397 440 430 401 373 352 301 293 315 328 439 425 326 252 189 
#    in scenario 6 for all time periods :
190 210 275 282 277 356 345 396 390 392 387 460 467 394 392 336 293 330 388 392 381 301 230 212 
#    in scenario 7 for all time periods :
182 196 258 279 317 352 318 324 360 453 478 465 453 364 396 322 277 293 352 457 373 330 241 219 
#    in scenario 8 for all time periods :
170 217 235 295 310 341 318 400 425 411 469 440 420 407 396 294 300 312 364 383 347 319 280 189 
#    in scenario 9 for all time periods :
162 203 278 317 273 301 376 360 425 392 411 415 411 416 360 312 287 304 388 415 355 363 244 196 
#    in scenario 10 for all time periods :
180 198 232 285 300 312 330 344 381 411 445 460 401 347 396 315 330 326 344 425 381 356 258 208 
#    in scenario 11 for all time periods :
172 231 232 295 290 363 360 340 425 406 420 425 387 390 348 340 303 341 356 425 373 356 241 205 
#    in scenario 12 for all time periods :
200 201 275 260 330 326 353 384 377 378 396 470 434 399 380 308 313 319 320 443 368 301 246 222 
#    in scenario 13 for all time periods :
182 226 227 272 297 345 334 388 355 383 416 475 425 403 396 346 297 330 348 420 420 323 266 210 
#    in scenario 14 for all time periods :
184 233 252 288 327 356 380 396 416 434 396 430 457 390 352 284 267 345 332 467 390 363 280 187 
#    in scenario 15 for all time periods :
192 226 238 310 323 315 376 340 364 453 396 475 453 429 348 315 323 356 332 415 373 297 280 210 
#    in scenario 16 for all time periods :
200 215 264 291 283 348 314 372 373 462 411 440 457 355 368 343 280 345 384 448 364 330 275 222 
#    in scenario 17 for all time periods :
194 191 249 266 273 315 353 400 381 457 459 420 373 403 380 329 307 345 380 425 416 330 235 191 
#    in scenario 18 for all time periods :
200 217 280 291 270 345 307 372 390 462 445 495 415 429 324 315 287 359 396 406 373 352 269 224 
#    in scenario 19 for all time periods :
186 187 261 282 277 323 322 364 394 373 387 470 462 390 368 294 320 337 344 429 433 293 283 198 
#    in scenario 20 for all time periods :
160 224 249 279 330 326 310 324 351 467 411 420 434 412 368 326 280 337 384 457 381 301 280 189 
#    in scenario 21 for all time periods :
170 231 246 314 290 334 318 352 377 387 420 455 439 394 332 298 323 323 376 378 412 304 261 233 
#    in scenario 22 for all time periods :
200 203 227 314 267 326 307 376 377 429 416 475 392 399 332 322 313 297 392 462 420 356 258 210 
#    in scenario 23 for all time periods :
182 229 238 253 287 301 353 396 364 429 396 500 383 381 344 329 300 301 332 429 403 356 230 198 
#    in scenario 24 for all time periods :
162 224 266 263 300 356 330 372 377 429 469 460 406 412 364 322 313 352 392 411 407 359 283 187 
# at node 1
#    in scenario 0 for all time periods :
192 215 232 272 327 312 356 384 386 434 411 460 392 407 396 343 300 319 396 373 403 367 275 187 
#    in scenario 1 for all time periods :
198 201 232 260 287 341 364 388 429 457 430 455 411 368 368 322 293 363 360 448 347 359 255 194 
#    in scenario 2 for all time periods :
168 233 227 282 283 319 364 376 364 383 396 485 392 386 388 326 310 319 336 453 394 345 238 189 
#    in scenario 3 for all time periods :
178 191 269 314 277 345 356 384 386 415 416 405 387 351 332 280 287 348 400 397 433 345 278 191 
#    in scenario 4 for all time periods :
180 219 275 314 300 352 372 388 416 401 459 430 406 433 340 346 290 363 320 457 399 312 238 196 
#    in scenario 5 for all time periods :
160 191 230 317 323 334 322 360 364 373 406 410 406 416 320 287 287 348 392 448 407 304 249 205 
#    in scenario 6 for all time periods :
192 226 269 276 267 315 372 332 425 378 440 405 425 351 344 287 290 341 380 373 381 312 241 187 
#    in scenario 7 for all time periods :
200 201 227 279 310 330 341 376 381 392 445 410 401 347 400 294 277 297 372 425 377 356 244 215 
#    in scenario 8 for all time periods :
184 189 244 310 297 319 349 396 377 411 469 470 425 429 320 326 303 348 380 387 377 315 255 233 
#    in scenario 9 for all time periods :
178 233 241 317 293 315 322 388 355 401 450 490 397 394 392 336 293 337 372 392 377 348 258 231 
#    in scenario 10 for all time periods :
184 229 252 295 333 363 368 340 399 392 411 485 397 360 400 343 277 326 376 378 429 308 255 198 
#    in scenario 11 for all time periods :
176 189 244 301 267 297 368 372 412 429 474 495 448 420 352 290 297 293 400 397 355 315 235 226 
#    in scenario 12 for all time periods :
172 194 227 317 317 319 322 324 368 448 406 470 401 403 384 346 297 297 356 457 399 341 269 215 
#    in scenario 13 for all time periods :
166 231 232 288 333 348 318 336 355 392 416 500 406 420 356 329 277 315 332 467 433 319 238 219 
#    in scenario 14 for all time periods :
176 191 258 266 297 341 364 368 368 420 445 500 387 381 336 346 273 363 344 467 368 341 255 203 
#    in scenario 15 for all time periods :
200 210 266 304 297 359 349 332 351 429 406 405 420 399 328 350 333 345 368 392 364 341 283 215 
#    in scenario 16 for all time periods :
164 198 280 291 267 348 334 360 433 373 474 450 415 403 368 280 313 341 396 462 433 297 258 217 
#    in scenario 17 for all time periods :
172 208 227 307 310 359 322 396 347 406 464 485 443 360 396 340 307 348 384 406 360 326 252 187 
#    in scenario 18 for all time periods :
194 191 272 301 293 345 322 332 347 439 392 480 401 394 324 315 287 301 392 392 399 367 241 224 
#    in scenario 19 for all time periods :
170 189 283 253 323 308 310 328 403 373 478 485 439 360 344 340 320 301 376 429 347 308 272 219 
#    in scenario 20 for all time periods :
176 215 278 279 330 330 349 364 368 429 469 450 411 368 344 318 313 301 328 383 373 337 235 233 
#    in scenario 21 for all time periods :
174 222 244 253 297 312 307 332 399 457 416 455 462 364 356 301 297 315 388 467 394 315 258 203 
#    in scenario 22 for all time periods :
186 196 244 285 333 367 337 336 403 392 459 480 443 386 324 308 323 356 340 401 407 348 269 217 
#    in scenario 23 for all time periods :
186 233 235 295 323 363 326 380 364 406 478 420 401 386 380 308 297 334 320 397 351 319 266 219 
#    in scenario 24 for all time periods :
198 229 235 288 307 326 334 352 368 392 401 495 467 351 372 304 290 297 356 383 403 297 252 191 
# at node 2
#    in scenario 0 for all time periods :
166 187 244 295 307 348 322 380 390 392 430 495 392 412 380 336 320 330 344 397 429 315 283 205 
#    in scenario 1 for all time periods :
190 198 255 314 313 359 334 380 407 462 450 435 392 403 368 284 280 297 348 462 433 352 252 189 
#    in scenario 2 for all time periods :
194 205 238 298 293 363 372 340 407 429 445 410 434 416 336 329 297 341 392 387 381 363 272 189 
#    in scenario 3 for all time periods :
200 210 227 310 280 312 364 392 425 392 469 430 453 433 388 340 267 293 372 392 373 304 278 215 
#    in scenario 4 for all time periods :
168 196 275 266 310 363 307 320 360 378 469 410 373 433 348 301 313 348 392 420 377 334 280 189 
#    in scenario 5 for all time periods :
168 203 241 301 290 319 310 320 368 434 401 420 378 420 328 315 273 315 344 420 377 308 269 222 
#    in scenario 6 for all time periods :
184 224 264 257 317 337 360 356 390 406 416 495 406 399 376 294 277 356 380 467 416 297 252 194 
#    in scenario 7 for all time periods :
176 233 249 282 283 326 314 344 347 462 420 455 420 355 324 294 313 293 348 397 420 359 258 194 
#    in scenario 8 for all time periods :
188 201 252 260 317 337 322 376 360 420 387 440 406 381 372 312 313 293 396 443 403 326 244 194 
#    in scenario 9 for all time periods :
196 187 264 310 283 367 334 380 399 415 392 400 425 407 332 308 283 308 332 383 407 363 275 229 
#    in scenario 10 for all time periods :
194 205 258 288 330 341 341 352 420 406 464 405 467 347 332 336 283 315 392 429 360 334 269 224 
#    in scenario 11 for all time periods :
198 210 272 279 287 330 337 344 386 434 416 410 448 390 328 350 303 352 376 420 373 363 280 226 
#    in scenario 12 for all time periods :
200 224 283 317 313 297 318 380 433 401 406 415 406 373 324 298 273 341 324 448 351 304 246 224 
#    in scenario 13 for all time periods :
198 217 275 279 297 312 360 352 394 373 454 425 411 403 400 298 283 348 384 453 377 312 255 229 
#    in scenario 14 for all time periods :
182 208 230 304 300 293 372 384 394 434 387 500 378 373 380 346 290 341 392 434 355 323 258 229 
#    in scenario 15 for all time periods :
168 224 269 301 317 337 376 364 420 467 440 480 453 399 388 312 300 315 332 439 355 301 249 233 
#    in scenario 16 for all time periods :
182 229 246 307 313 345 372 360 381 429 401 440 443 429 400 280 267 363 320 401 394 363 235 226 
#    in scenario 17 for all time periods :
196 203 258 317 310 367 349 388 390 429 406 500 383 425 400 298 287 319 376 383 433 315 232 224 
#    in scenario 18 for all time periods :
172 196 244 298 287 308 376 344 360 439 478 490 462 368 340 340 293 323 360 392 412 341 283 189 
#    in scenario 19 for all time periods :
182 229 238 288 333 315 380 332 377 397 406 475 434 416 320 308 327 323 324 411 368 345 241 194 
#    in scenario 20 for all time periods :
194 233 278 272 270 330 368 328 394 392 464 460 378 360 364 350 293 297 376 392 425 352 227 224 
#    in scenario 21 for all time periods :
194 198 235 301 333 337 337 392 390 457 474 460 434 386 380 322 307 315 328 434 373 337 252 212 
#    in scenario 22 for all time periods :
192 194 258 285 283 319 376 372 407 434 459 455 411 403 388 343 277 301 400 420 351 352 261 233 
#    in scenario 23 for all time periods :
196 217 235 310 327 356 314 372 407 392 425 425 387 390 360 301 270 323 396 425 386 367 232 212 
#    in scenario 24 for all time periods :
168 224 252 257 277 326 380 320 416 401 450 450 411 407 380 346 270 341 396 439 364 315 238 194 
# at node 3
#    in scenario 0 for all time periods :
194 205 264 260 287 356 353 388 386 392 454 460 443 412 360 294 290 337 392 434 399 359 235 231 
#    in scenario 1 for all time periods :
194 219 241 285 333 367 380 340 386 406 450 440 443 399 392 340 303 308 344 373 425 330 246 229 
#    in scenario 2 for all time periods :
168 212 278 253 277 315 318 372 360 378 478 475 453 390 388 340 297 341 364 420 394 367 244 233 
#    in scenario 3 for all time periods :
160 191 246 282 293 363 326 384 433 392 483 435 378 399 332 332 317 363 336 383 425 334 235 217 
#    in scenario 4 for all time periods :
194 212 266 276 320 367 353 388 403 429 435 500 406 412 324 329 310 326 380 439 399 356 283 198 
#    in scenario 5 for all time periods :
176 215 264 291 273 337 345 336 416 397 440 430 420 407 328 284 283 312 372 378 429 330 244 194 
#    in scenario 6 for all time periods :
178 224 241 285 310 348 356 380 377 457 406 400 373 390 380 308 327 315 368 425 394 304 244 187 
#    in scenario 7 for all time periods :
188 212 246 298 277 334 314 360 347 429 416 405 457 355 372 318 310 312 332 401 373 348 266 233 
#    in scenario 8 for all time periods :
190 219 252 257 273 304 314 320 347 453 420 450 448 373 400 294 293 308 392 420 403 293 235 208 
#    in scenario 9 for all time periods :
198 212 241 263 320 315 380 388 416 453 478 475 373 377 336 340 320 293 324 429 373 337 275 198 
#    in scenario 10 for all time periods :
190 210 272 301 313 308 337 396 390 411 425 500 401 407 332 346 333 345 360 383 386 334 269 205 
#    in scenario 11 for all time periods :
174 219 255 304 287 334 368 384 368 467 401 460 429 425 360 287 267 326 364 406 351 341 275 217 
#    in scenario 12 for all time periods :
196 231 238 257 273 363 326 332 416 443 464 400 373 412 320 350 287 326 324 383 351 356 238 208 
#    in scenario 13 for all time periods :
166 215 238 314 330 308 341 376 381 439 392 440 439 399 364 336 313 363 336 434 355 312 230 196 
#    in scenario 14 for all time periods :
190 194 244 314 270 337 368 372 425 387 406 410 439 394 320 290 280 326 400 383 420 326 235 191 
#    in scenario 15 for all time periods :
194 229 280 282 333 337 353 336 390 397 450 465 425 394 332 318 267 315 324 443 390 319 264 208 
#    in scenario 16 for all time periods :
190 233 246 301 293 319 364 328 403 420 387 480 425 368 352 336 297 337 328 462 347 330 255 219 
#    in scenario 17 for all time periods :
188 194 238 260 333 348 364 352 390 383 416 465 462 403 380 329 317 312 320 411 386 304 269 231 
#    in scenario 18 for all time periods :
196 215 278 260 307 293 326 396 420 443 435 455 411 403 400 298 310 348 340 443 420 308 232 198 
#    in scenario 19 for all time periods :
168 224 278 266 303 297 314 396 368 434 416 445 406 381 384 298 303 315 352 425 368 319 278 210 
#    in scenario 20 for all time periods :
196 229 246 263 333 356 337 340 407 397 396 480 420 394 384 315 307 359 352 434 364 356 232 187 
#    in scenario 21 for all time periods :
174 233 252 314 307 348 383 344 368 443 440 430 434 429 396 290 310 293 372 443 386 326 275 203 
#    in scenario 22 for all time periods :
178 205 280 266 317 297 364 372 399 457 392 415 411 394 344 312 283 315 320 434 433 326 246 189 
#    in scenario 23 for all time periods :
184 231 246 310 280 319 322 396 360 411 430 475 397 347 328 346 293 308 380 425 368 356 244 205 
#    in scenario 24 for all time periods :
174 231 261 310 267 293 326 400 351 411 420 430 387 373 340 308 317 363 384 457 403 330 230 215 
# at node 4
#    in scenario 0 for all time periods :
186 210 266 269 293 312 383 368 377 373 411 425 383 386 384 343 277 348 376 373 416 319 227 222 
#    in scenario 1 for all time periods :
188 229 280 269 280 337 318 356 416 415 411 400 429 412 368 340 323 312 328 411 416 301 249 201 
#    in scenario 2 for all time periods :
188 231 283 285 273 356 368 364 425 420 416 490 387 394 344 326 300 337 324 425 425 304 269 196 
#    in scenario 3 for all time periods :
182 194 269 285 323 352 383 400 416 378 396 455 425 377 324 318 313 337 336 448 360 348 275 203 
#    in scenario 4 for all time periods :
190 208 278 310 320 363 341 400 381 448 411 430 411 373 388 312 313 341 352 406 425 315 264 194 
#    in scenario 5 for all time periods :
188 196 246 301 317 293 334 384 399 415 411 475 457 429 344 326 297 301 396 443 355 348 249 194 
#    in scenario 6 for all time periods :
168 215 244 310 277 293 307 320 360 401 454 420 467 355 344 284 297 359 388 420 433 334 264 198 
#    in scenario 7 for all time periods :
184 203 252 291 297 363 372 356 425 439 459 410 387 351 324 318 283 323 344 429 407 315 275 196 
#    in scenario 8 for all time periods :
200 222 269 307 297 301 376 392 360 443 387 485 387 407 348 322 333 363 364 429 407 312 249 212 
#    in scenario 9 for all time periods :
180 210 258 260 303 345 322 400 420 439 478 470 397 355 376 346 287 293 344 383 360 341 232 215 
#    in scenario 10 for all time periods :
184 212 280 279 270 319 307 380 364 387 411 480 373 425 384 329 310 334 376 429 360 323 269 215 
#    in scenario 11 for all time periods :
172 201 241 304 267 330 360 348 412 397 401 475 378 360 320 343 270 356 384 443 399 330 238 226 
#    in scenario 12 for all time periods :
172 196 255 301 287 348 337 336 377 434 450 430 434 394 332 304 283 337 396 457 373 356 238 219 
#    in scenario 13 for all time periods :
164 217 264 257 290 352 326 400 403 373 450 435 415 433 388 290 273 330 396 462 373 337 264 222 
#    in scenario 14 for all time periods :
200 224 244 260 330 326 314 368 381 443 411 485 443 360 340 340 267 359 328 462 407 319 241 191 
#    in scenario 15 for all time periods :
162 224 241 310 313 312 349 388 355 373 416 425 406 386 360 340 317 323 324 415 368 301 280 226 
#    in scenario 16 for all time periods :
194 222 275 257 320 312 376 376 368 415 401 475 401 416 352 304 310 334 348 392 377 293 238 191 
#    in scenario 17 for all time periods :
174 222 235 253 320 319 360 352 399 462 440 400 448 433 324 315 270 293 344 383 360 301 255 231 
#    in scenario 18 for all time periods :
188 219 227 272 273 352 353 344 381 387 483 495 373 381 380 332 313 301 360 383 381 359 264 210 
#    in scenario 19 for all time periods :
180 191 283 266 273 301 376 320 399 406 483 500 387 377 328 304 327 348 344 378 407 312 264 198 
#    in scenario 20 for all time periods :
164 198 235 279 327 301 372 352 368 383 478 420 467 394 344 287 310 312 336 406 360 352 227 196 
#    in scenario 21 for all time periods :
160 198 266 263 267 363 383 320 420 415 420 440 373 355 324 340 323 334 332 434 407 334 258 219 
#    in scenario 22 for all time periods :
186 191 280 310 330 352 380 364 433 383 430 435 406 386 352 284 280 308 388 425 377 356 269 203 
#    in scenario 23 for all time periods :
162 217 235 269 273 356 356 368 403 373 445 495 415 364 388 329 320 319 364 373 420 348 227 194 
#    in scenario 24 for all time periods :
178 231 261 253 277 352 341 320 355 434 396 490 443 364 324 290 280 363 392 453 360 352 278 205 
# at node 5
#    in scenario 0 for all time periods :
166 203 264 276 287 337 360 324 364 411 478 410 401 360 340 343 280 293 364 439 355 352 261 187 
#    in scenario 1 for all time periods :
200 210 232 266 310 304 322 352 420 415 459 485 443 364 360 343 273 348 368 429 360 308 227 205 
#    in scenario 2 for all time periods :
192 198 283 291 277 345 334 380 420 411 454 450 453 420 344 346 277 341 388 387 381 356 232 217 
#    in scenario 3 for all time periods :
172 196 232 266 287 293 356 400 368 392 474 400 392 364 392 308 320 356 368 383 394 326 266 203 
#    in scenario 4 for all time periods :
196 226 255 291 297 323 341 348 381 434 392 445 467 390 380 315 317 301 360 467 394 304 278 229 
#    in scenario 5 for all time periods :
176 215 269 295 310 348 322 340 399 420 396 440 411 416 344 340 317 293 336 387 347 301 278 222 
#    in scenario 6 for all time periods :
200 201 258 285 270 301 314 368 394 406 459 490 373 420 352 294 307 341 364 425 373 304 252 222 
#    in scenario 7 for all time periods :
186 191 272 266 273 348 334 388 399 439 450 460 378 360 364 350 287 337 340 439 360 341 269 226 
#    in scenario 8 for all time periods :
196 212 238 260 290 312 334 368 420 392 392 400 457 403 392 343 323 341 372 383 381 341 269 198 
#    in scenario 9 for all time periods :
184 229 272 307 287 363 368 356 420 392 469 495 462 364 356 340 290 345 376 420 394 319 283 189 
#    in scenario 10 for all time periods :
200 194 275 295 273 323 364 372 394 401 483 480 462 351 400 350 313 367 396 448 373 301 244 212 
#    in scenario 11 for all time periods :
184 217 255 301 270 348 360 364 364 462 401 415 434 407 368 336 327 356 376 448 433 304 261 231 
#    in scenario 12 for all time periods :
166 212 227 304 280 323 326 364 394 448 478 440 401 364 400 312 327 312 360 434 364 308 278 210 
#    in scenario 13 for all time periods :
198 212 261 298 290 312 314 388 377 387 474 475 420 425 344 301 303 330 356 387 429 301 232 194 
#    in scenario 14 for all time periods :
182 229 238 279 300 319 360 336 425 378 401 490 378 425 348 298 290 308 376 429 403 301 232 187 
#    in scenario 15 for all time periods :
162 205 280 307 300 297 318 384 355 415 416 455 420 425 324 301 313 348 352 411 429 312 255 229 
#    in scenario 16 for all time periods :
186 212 249 295 297 345 380 336 368 415 459 405 383 386 332 329 333 367 356 462 373 293 278 191 
#    in scenario 17 for all time periods :
170 191 249 257 310 337 322 372 355 443 416 410 429 399 376 336 273 337 360 467 420 341 280 231 
#    in scenario 18 for all time periods :
160 215 238 266 323 363 337 336 394 462 483 435 462 351 340 346 277 304 356 439 399 356 230 203 
#    in scenario 19 for all time periods :
178 212 261 282 303 367 334 348 373 457 435 415 387 394 392 346 333 359 396 387 351 315 283 196 
#    in scenario 20 for all time periods :
172 219 232 314 293 363 364 380 386 420 440 450 397 429 324 346 297 363 396 387 351 326 272 198 
#    in scenario 21 for all time periods :
160 205 258 272 303 348 322 360 368 448 478 430 425 394 356 280 270 352 356 457 433 359 238 212 
#    in scenario 22 for all time periods :
192 210 230 266 280 330 380 388 429 429 474 455 457 351 328 322 300 352 380 425 394 326 275 229 
#    in scenario 23 for all time periods :
188 196 227 253 283 308 330 396 360 383 435 465 397 407 336 340 290 352 372 406 403 293 272 189 
#    in scenario 24 for all time periods :
194 233 283 314 310 363 372 360 403 425 406 430 401 433 344 329 317 319 364 378 407 304 246 224 
#Maximum capacity P+gs :
# generator 0 for all scenarios
419 491 400 546 546 519 450 428 546 410 514 505 423 482 400 378 501 528 410 473 364 387 487 428 441 
# generator 1 for all scenarios
428 469 473 432 505 491 469 410 373 528 541 446 510 501 546 514 519 373 428 450 373 501 414 369 419 
# generator 2 for all scenarios
139 105 151 140 124 136 117 153 134 133 155 117 126 139 112 155 107 116 110 133 129 110 109 151 125 
# generator 3 for all scenarios
120 114 150 147 121 117 135 118 140 108 152 109 127 155 148 118 104 139 144 105 144 139 116 129 122 
# generator 4 for all scenarios
177 143 183 186 173 162 139 159 157 190 146 141 168 178 157 130 149 193 146 180 165 162 178 185 152 
# generator 5 for all scenarios
74 78 91 76 78 65 79 68 82 90 88 76 71 78 78 74 84 95 65 85 79 86 82 73 87 
# generator 6 for all scenarios
68 94 92 90 100 72 81 94 71 71 73 90 77 79 101 95 76 99 100 72 94 85 98 101 82 
# generator 7 for all scenarios
46 59 62 58 50 66 60 57 61 56 54 47 45 54 59 57 65 59 58 66 65 46 50 64 60 
# generator 8 for all scenarios
57 51 59 64 58 58 45 52 44 53 65 57 50 65 52 51 52 61 54 51 53 54 46 59 66 
# generator 9 for all scenarios
59 62 61 57 58 61 48 62 64 53 57 50 53 57 65 62 65 48 48 61 58 65 65 48 62 
# generator 10 for all scenarios
428 400 373 450 428 419 505 432 423 473 455 419 455 373 446 460 541 414 487 405 537 541 455 464 400 
# generator 11 for all scenarios
510 478 514 410 528 501 528 460 450 519 464 410 396 528 455 400 382 541 487 428 541 532 510 541 432 
# generator 12 for all scenarios
114 153 147 116 156 148 134 140 122 152 122 109 124 130 146 104 120 136 135 151 105 120 114 152 142 
# generator 13 for all scenarios
124 117 130 104 153 117 146 146 140 120 135 151 152 112 146 114 112 153 121 136 105 135 150 112 142 
# generator 14 for all scenarios
168 147 157 154 141 157 185 162 136 190 183 178 159 152 193 188 178 170 186 134 141 139 190 164 178 
# generator 15 for all scenarios
93 82 65 75 74 70 73 82 94 66 85 64 89 96 70 91 74 64 83 65 96 74 73 67 70 
# generator 16 for all scenarios
76 68 84 99 75 100 79 68 84 73 94 76 71 79 85 100 85 70 86 99 73 70 86 81 91 
# generator 17 for all scenarios
54 48 52 62 46 66 53 59 57 47 48 53 65 46 53 60 56 64 60 45 63 44 62 63 52 
# generator 18 for all scenarios
48 66 63 63 61 53 57 48 52 56 47 65 61 46 46 65 64 63 46 49 62 46 61 54 61 
# generator 19 for all scenarios
49 57 44 59 57 52 48 59 48 45 58 64 62 56 66 45 51 66 47 51 57 51 52 49 44 
#Minimum capacity P-gs:
# generator 0 for all scenarios
135 172 176 177 154 142 162 165 141 177 174 135 146 126 136 178 160 140 122 167 176 141 152 169 167 
# generator 1 for all scenarios
160 165 129 140 177 172 134 176 162 167 140 168 172 168 159 136 159 160 140 162 135 142 153 136 171 
# generator 2 for all scenarios
20 22 20 22 18 19 21 20 20 24 16 20 19 23 17 21 19 18 22 23 20 21 19 18 16 
# generator 3 for all scenarios
19 21 20 17 23 23 18 23 22 16 17 23 23 21 20 24 22 23 20 21 20 17 22 20 18 
# generator 4 for all scenarios
28 20 28 20 26 21 23 23 30 20 30 21 30 24 28 22 24 20 22 23 25 24 28 27 29 
# generator 5 for all scenarios
16 23 21 19 24 23 22 16 19 18 18 19 21 22 24 21 19 16 16 21 18 18 24 19 19 
# generator 6 for all scenarios
27 21 28 20 28 22 27 28 28 22 23 21 24 26 30 29 28 27 30 30 27 27 30 30 28 
# generator 7 for all scenarios
12 11 11 9 9 12 11 8 9 10 8 11 9 12 10 11 8 12 10 11 11 8 12 8 12 
# generator 8 for all scenarios
11 8 8 10 12 10 10 9 9 9 9 8 8 12 9 8 9 9 11 10 12 11 12 8 12 
# generator 9 for all scenarios
10 9 12 10 10 11 10 10 11 11 11 11 9 12 9 9 8 11 11 10 10 11 10 9 12 
# generator 10 for all scenarios
122 126 171 144 148 130 129 144 146 171 140 132 140 164 136 177 148 124 172 165 152 160 176 128 152 
# generator 11 for all scenarios
178 132 142 130 138 126 167 160 158 153 124 123 148 134 168 146 129 167 169 142 150 124 162 169 164 
# generator 12 for all scenarios
19 20 18 21 24 16 20 17 18 20 21 18 19 20 17 23 17 22 24 22 23 22 19 20 19 
# generator 13 for all scenarios
16 18 23 21 17 19 21 18 18 24 23 20 18 23 21 22 17 20 18 21 21 20 24 16 19 
# generator 14 for all scenarios
22 27 26 21 28 24 26 22 28 22 22 28 24 30 29 21 30 21 23 28 28 28 29 26 28 
# generator 15 for all scenarios
21 21 19 16 17 20 24 19 18 23 16 20 22 23 18 16 19 20 23 17 21 17 17 18 18 
# generator 16 for all scenarios
21 28 20 26 26 23 28 24 27 28 21 30 22 24 26 28 22 20 20 26 22 23 20 29 24 
# generator 17 for all scenarios
11 10 9 8 9 12 11 8 10 11 8 11 8 9 11 9 10 11 8 8 10 10 10 12 9 
# generator 18 for all scenarios
11 12 11 10 10 11 11 11 8 8 9 11 9 9 10 11 8 11 12 12 10 9 11 8 9 
# generator 19 for all scenarios
11 11 8 8 12 9 10 9 11 9 12 11 11 9 8 8 9 8 9 11 10 8 10 10 10 
#Maximum ramping for all generators R+g :
250 250 80 80 25 20 25 10 10 10 250 250 80 80 25 20 25 10 10 10 
#Minimum ramping for all generators R-g :
150 150 20 20 25 20 25 10 10 10 150 150 20 20 25 20 25 10 10 10 
#Minimum up time for all generators UTg :
8 8 5 5 6 3 3 1 1 1 8 8 5 5 6 3 3 1 1 1 
#Minimum down time for all generators DTg :
8 8 5 5 6 3 3 1 1 1 8 8 5 5 6 3 3 1 1 1 
#Number of period : N=T
#Total reserve for all time periods Tt : 
60.0 70.0 85.0 95.0 100.0 110.0 115.0 120.0 130.0 140.0 145.0 150.0 140.0 130.0 120.0 105.0 100.0 110.0 120.0 140.0 130.0 110.0 85.0 70.0 
#Fast reserve for all time periods Ft : 
7.5 8.75 10.625 11.875 12.5 13.75 14.375 15.0 16.25 17.5 18.125 18.75 17.5 16.25 15.0 13.125 12.5 13.75 15.0 17.5 16.25 13.75 10.625 8.75 
#Susceptance Bls : 
#Line 0 in all scenarios
0.68 0.84 0.64 0.85 0.86 0.67 0.87 0.66 0.67 0.86 0.89 0.83 0.87 0.75 0.82 0.81 0.8 0.73 0.7 0.85 0.83 0.71 0.8 0.77 0.83 
#Line 1 in all scenarios
0.63 0.67 0.75 0.71 0.81 0.6 0.78 0.77 0.82 0.8 0.79 0.88 0.74 0.66 0.75 0.69 0.77 0.76 0.66 0.77 0.88 0.61 0.9 0.62 0.72 
#Line 2 in all scenarios
0.87 0.75 0.79 0.9 0.7 0.74 0.65 0.75 0.61 0.74 0.77 0.78 0.6 0.64 0.88 0.68 0.74 0.88 0.61 0.68 0.71 0.9 0.84 0.83 0.78 
#Line 3 in all scenarios
0.6 0.87 0.84 0.73 0.89 0.62 0.8 0.78 0.63 0.75 0.63 0.79 0.82 0.77 0.81 0.8 0.8 0.62 0.8 0.82 0.7 0.89 0.6 0.67 0.64 
#Line 4 in all scenarios
0.66 0.6 0.65 0.62 0.72 0.62 0.79 0.84 0.66 0.71 0.62 0.88 0.82 0.78 0.7 0.69 0.61 0.84 0.79 0.83 0.71 0.8 0.78 0.67 0.78 
#Line 5 in all scenarios
0.72 0.76 0.79 0.6 0.61 0.77 0.78 0.81 0.89 0.88 0.78 0.75 0.68 0.84 0.66 0.8 0.62 0.8 0.83 0.86 0.84 0.69 0.85 0.74 0.83 
#Line 6 in all scenarios
0.69 0.79 0.84 0.81 0.8 0.83 0.8 0.85 0.67 0.77 0.7 0.64 0.79 0.7 0.62 0.68 0.84 0.84 0.67 0.88 0.6 0.6 0.77 0.81 0.83 
#Line 7 in all scenarios
0.8 0.7 0.8 0.85 0.9 0.62 0.61 0.78 0.77 0.74 0.83 0.89 0.65 0.8 0.73 0.71 0.8 0.76 0.68 0.64 0.68 0.71 0.7 0.9 0.61 
#Line 8 in all scenarios
0.74 0.67 0.61 0.84 0.61 0.82 0.79 0.79 0.85 0.71 0.8 0.88 0.76 0.65 0.71 0.65 0.79 0.79 0.68 0.65 0.86 0.86 0.61 0.67 0.67 
#Line 9 in all scenarios
0.89 0.63 0.65 0.66 0.85 0.62 0.64 0.8 0.61 0.68 0.66 0.85 0.85 0.9 0.81 0.82 0.71 0.8 0.88 0.65 0.62 0.78 0.86 0.88 0.8 
#Line 10 in all scenarios
0.82 0.62 0.76 0.66 0.63 0.8 0.72 0.61 0.74 0.75 0.7 0.64 0.67 0.86 0.84 0.89 0.71 0.74 0.8 0.73 0.73 0.72 0.89 0.9 0.89 
#Line 11 in all scenarios
0.87 0.68 0.6 0.76 0.74 0.66 0.72 0.86 0.8 0.85 0.89 0.69 0.82 0.78 0.68 0.7 0.76 0.9 0.81 0.77 0.61 0.72 0.86 0.73 0.83 
#Line 12 in all scenarios
0.84 0.81 0.8 0.74 0.76 0.72 0.89 0.76 0.7 0.79 0.82 0.76 0.79 0.81 0.68 0.79 0.71 0.75 0.71 0.72 0.62 0.87 0.7 0.78 0.8 
#Line 13 in all scenarios
0.6 0.66 0.75 0.85 0.78 0.8 0.85 0.72 0.85 0.82 0.75 0.76 0.69 0.73 0.65 0.72 0.74 0.78 0.82 0.79 0.76 0.9 0.7 0.7 0.6 
#Line 14 in all scenarios
0.73 0.67 0.61 0.7 0.69 0.64 0.81 0.79 0.76 0.69 0.76 0.82 0.68 0.67 0.65 0.84 0.7 0.6 0.62 0.7 0.71 0.89 0.84 0.88 0.82 
#Line 15 in all scenarios
0.63 0.69 0.78 0.67 0.66 0.75 0.62 0.64 0.61 0.74 0.89 0.67 0.63 0.82 0.83 0.67 0.83 0.65 0.68 0.7 0.65 0.61 0.63 0.62 0.7 
#Line 16 in all scenarios
0.9 0.62 0.64 0.73 0.89 0.86 0.61 0.89 0.61 0.6 0.71 0.89 0.72 0.61 0.78 0.6 0.8 0.85 0.79 0.71 0.75 0.67 0.88 0.73 0.76 
#Line 17 in all scenarios
0.77 0.61 0.74 0.84 0.67 0.9 0.87 0.63 0.6 0.83 0.61 0.62 0.83 0.62 0.75 0.65 0.6 0.63 0.65 0.68 0.72 0.82 0.77 0.87 0.76 
#Maximum capacity of all lines TCl : 
667 667 667 667 667 667 667 667 667 667 667 667 667 667 667 667 667 667 
#Fast reserve limit of all generators FRg : 
250 250 80 80 25 20 25 10 10 10 250 250 80 80 25 20 25 10 10 10 
#No import groups ICj 
#No polarity gamma-jl 
