#Number of generators G :
20
#Gs :
3 4 7 9 10 12 13 14 15 16 17 20 
#Gf :
1 2 5 6 8 11 18 19 
#S :
10
#T :
96
#L :
33
#N :
11
#Gn (one line contains indices of generators at a node) :
#node 0
1 
#node 1
2 3 
#node 2
4 5 
#node 3
6 
#node 4
7 
#node 5
8 9 
#node 6
10 11 12 13 14 
#node 7
15 16 
#node 8
17 18 
#node 9
19 
#node 10
20 
#LIn (one line contains incoming lines at a node) :
#node 0
11-1 10-1 9-1 
#node 1
1-2 11-2 10-2 
#node 2
2-3 1-3 11-3 
#node 3
3-4 2-4 1-4 
#node 4
4-5 3-5 2-5 
#node 5
5-6 4-6 3-6 
#node 6
6-7 5-7 4-7 
#node 7
7-8 6-8 5-8 
#node 8
8-9 7-9 6-9 
#node 9
9-10 8-10 7-10 
#node 10
10-11 9-11 8-11 
#LOn (one line contains outgoing lines at a node) :
#node 0
1-2 1-3 1-4 
#node 1
2-3 2-4 2-5 
#node 2
3-4 3-5 3-6 
#node 3
4-5 4-6 4-7 
#node 4
5-6 5-7 5-8 
#node 5
6-7 6-8 6-9 
#node 6
7-8 7-9 7-10 
#node 7
8-9 8-10 8-11 
#node 8
9-10 9-11 9-1 
#node 9
10-11 10-1 10-2 
#node 10
11-1 11-2 11-3 
#No import group IG
#No lines in import groups IGj 
#Probability of each scenario ps : 
0.1 0.1 0.1 0.1 0.1 0.1 0.1 0.1 0.1 0.1 
#minimum load cost of generators Kg :
1000 970 700 680 450 370 480 660 665 670 1000 970 700 680 450 370 480 660 665 670 
#start-up of generators Sg :
4500 5000 550 560 900 170 260 30 30 30 4500 5000 550 560 900 170 260 30 30 30 
#marginal cost of generators Cg :
16.19 17.26 16.6 16.5 19.7 22.26 27.74 25.92 27.27 27.79 16.19 17.26 16.6 16.5 19.7 22.26 27.74 25.92 27.27 27.79 
#demand Dnst :
# at node 0
#    in scenario 0 for all time periods :
106 112 145 173 156 198 174 185 199 247 224 254 219 201 179 179 165 180 185 214 215 168 150 127 103 109 125 173 180 192 197 175 220 247 240 265 255 210 181 191 169 164 183 227 206 160 134 122 92 113 128 142 156 180 182 218 201 237 248 232 211 234 218 179 147 164 190 244 227 176 150 106 96 108 153 171 175 182 209 214 217 227 219 224 239 210 185 183 164 176 207 247 194 166 155 111 
#    in scenario 1 for all time periods :
101 103 138 152 164 166 207 199 210 224 250 262 211 196 205 157 164 162 212 221 206 182 138 126 88 103 151 157 165 162 192 203 222 237 211 262 204 220 212 158 180 188 194 255 189 168 142 113 103 106 130 168 158 168 188 216 222 255 261 256 249 189 188 158 175 192 212 229 234 182 130 125 109 106 136 157 171 176 171 199 215 211 221 245 221 236 203 157 151 192 205 249 201 188 145 107 
#    in scenario 2 for all time periods :
89 103 155 152 147 176 167 199 220 214 221 224 234 213 209 176 176 166 181 219 210 170 150 108 96 126 128 154 155 186 186 196 208 206 256 270 255 229 209 176 155 186 214 242 210 168 142 115 98 115 128 161 180 176 203 216 213 216 227 243 214 208 175 166 171 188 175 214 225 200 141 126 107 115 134 154 169 184 188 214 203 247 256 254 206 232 181 166 171 194 203 227 203 200 138 104 
#    in scenario 3 for all time periods :
107 111 139 166 176 186 209 192 208 214 256 237 204 203 216 166 149 176 177 211 234 192 142 108 92 109 138 138 173 160 188 203 234 211 221 265 227 191 209 172 180 178 205 232 227 184 145 125 91 113 141 145 164 166 192 183 213 242 229 248 229 206 203 170 162 174 194 252 222 192 130 126 93 126 124 142 178 160 171 209 208 211 258 251 211 227 218 160 176 194 214 221 191 160 150 112 
#    in scenario 4 for all time periods :
108 127 136 149 169 176 167 183 222 237 240 267 214 236 209 183 162 162 192 232 194 176 141 120 107 115 133 142 156 182 205 218 210 204 214 245 227 217 216 168 167 188 192 239 217 174 133 109 108 121 139 166 175 194 190 175 217 204 237 259 214 199 194 168 167 186 205 227 201 160 148 102 100 112 148 152 153 160 167 201 203 204 248 259 214 232 175 181 175 198 181 247 201 184 141 125 
#    in scenario 5 for all time periods :
87 113 155 154 147 170 207 199 213 247 264 229 219 194 179 158 167 160 216 242 208 184 127 115 108 126 142 161 164 190 209 183 217 242 237 256 249 213 212 166 178 178 218 232 236 168 145 117 101 116 130 142 169 178 171 201 232 224 256 240 247 210 190 181 169 190 216 237 199 178 131 116 92 115 155 143 180 192 207 205 234 247 250 265 234 232 214 153 147 192 175 239 201 166 133 106 
#    in scenario 6 for all time periods :
104 115 142 157 178 200 201 192 189 239 229 243 249 208 203 179 167 198 207 209 194 174 138 109 95 116 138 164 147 184 176 183 217 229 232 256 229 217 183 174 169 164 175 249 234 174 151 106 87 115 145 142 169 200 171 179 217 242 248 221 247 220 181 157 169 178 207 216 189 164 141 102 95 125 141 171 151 166 194 194 229 224 256 229 244 199 218 176 176 198 203 244 215 166 155 111 
#    in scenario 7 for all time periods :
95 115 128 140 167 162 178 216 210 232 243 243 255 206 214 160 147 172 179 209 206 192 144 122 107 120 142 149 149 170 201 216 206 204 211 221 239 206 209 157 173 170 183 234 215 198 125 112 106 113 150 164 151 184 197 179 232 227 250 235 214 213 216 183 149 200 177 237 201 184 125 120 104 113 124 164 158 196 184 199 194 227 245 245 214 234 183 189 169 186 201 206 189 198 144 126 
#    in scenario 8 for all time periods :
94 126 142 168 162 198 194 207 227 206 219 248 214 208 192 162 164 176 194 214 234 180 125 113 91 109 142 164 155 160 207 201 220 214 250 256 206 229 177 176 162 194 185 237 213 162 138 102 96 121 125 152 173 192 182 188 215 237 211 232 232 222 183 157 171 166 192 224 210 200 130 109 108 111 141 142 171 188 201 209 222 219 240 240 206 196 185 174 178 198 181 242 225 160 131 117 
#    in scenario 9 for all time periods :
107 122 133 171 153 172 192 199 208 227 224 218 229 191 205 172 176 190 218 224 234 164 145 122 92 123 131 161 160 160 205 194 189 221 256 245 221 225 175 158 164 164 201 221 210 162 130 102 107 120 153 166 156 194 169 201 199 252 243 243 237 232 183 174 180 164 175 221 229 190 125 127 109 103 125 166 145 180 188 185 194 204 253 237 219 215 212 164 180 182 175 204 191 186 130 112 
# at node 1
#    in scenario 0 for all time periods :
108 122 151 164 162 182 169 185 206 249 237 245 229 234 194 185 164 188 183 232 206 160 145 102 106 104 153 142 175 168 174 209 234 219 232 229 224 225 183 155 167 160 214 255 208 190 133 113 94 125 134 154 171 184 188 199 222 219 216 254 229 236 209 162 176 190 214 219 194 180 127 116 101 123 141 161 180 184 174 190 213 242 229 245 227 234 192 187 147 194 177 255 232 192 138 126 
#    in scenario 1 for all time periods :
99 121 153 154 164 170 182 209 227 219 248 262 206 189 188 187 167 180 179 204 199 192 127 115 101 115 138 150 167 190 188 188 203 242 253 218 232 220 185 166 165 164 179 221 225 184 125 107 98 118 130 142 153 184 169 201 225 219 237 224 219 206 203 185 160 164 194 209 234 166 125 111 108 118 139 152 158 176 194 192 225 242 232 270 249 236 209 162 153 176 214 237 225 168 131 109 
#    in scenario 2 for all time periods :
96 103 153 169 156 184 194 214 236 219 264 232 204 217 209 183 167 196 196 206 203 184 134 108 101 126 131 169 145 192 167 209 203 221 237 245 249 232 179 172 176 172 203 237 227 198 125 113 95 108 136 161 158 166 207 175 232 216 248 243 209 191 201 155 180 182 183 252 234 192 148 116 93 102 144 159 167 172 171 192 217 206 216 273 252 201 207 183 180 186 177 214 232 178 133 115 
#    in scenario 3 for all time periods :
104 104 151 154 175 198 169 192 199 252 245 259 239 201 188 168 178 188 216 229 196 176 134 104 105 125 130 149 165 192 199 207 206 252 216 229 214 229 194 187 149 174 175 209 215 190 136 125 96 103 130 155 149 172 192 199 222 255 261 254 216 229 194 160 149 170 199 247 220 182 142 108 105 120 153 152 169 190 188 216 215 221 211 248 244 225 179 172 175 170 183 239 234 176 130 125 
#    in scenario 4 for all time periods :
92 104 130 169 160 178 199 216 232 234 219 240 229 217 183 185 156 184 181 244 220 194 141 122 94 126 155 155 160 192 203 179 234 239 232 251 209 225 203 178 147 182 192 219 232 196 151 122 98 102 124 164 182 178 188 181 203 249 258 267 234 208 203 157 178 164 185 247 203 188 141 113 91 115 128 171 158 162 188 181 234 216 219 265 237 206 194 158 171 186 207 224 236 166 134 106 
#    in scenario 5 for all time periods :
105 116 138 145 151 188 174 185 232 219 258 224 224 232 209 172 165 186 209 221 194 196 153 127 103 118 127 173 156 196 192 181 234 229 243 267 211 227 199 158 171 162 216 216 199 196 138 111 108 118 153 159 175 186 171 179 232 232 248 240 204 199 199 158 180 172 216 211 196 186 128 116 106 121 138 142 145 182 197 205 220 224 256 243 211 222 216 187 156 184 218 211 206 166 145 126 
#    in scenario 6 for all time periods :
103 108 133 171 182 184 194 207 217 221 219 218 247 208 177 155 158 190 179 227 227 196 136 120 99 109 147 147 176 186 176 181 191 252 235 235 204 210 190 183 180 198 209 227 220 170 147 108 88 117 150 171 151 200 178 216 236 244 245 237 247 201 207 166 180 186 190 247 191 166 131 122 96 125 144 173 156 188 176 175 206 244 253 226 242 206 205 166 151 162 181 224 236 194 127 127 
#    in scenario 7 for all time periods :
109 109 128 140 167 178 207 214 229 206 211 256 216 206 209 157 156 170 185 204 199 174 151 127 95 107 125 161 164 162 194 209 220 242 250 254 204 229 175 153 165 184 212 242 217 174 125 108 89 113 142 159 160 192 203 194 234 214 256 218 224 232 209 174 160 180 196 244 203 178 125 127 94 113 145 171 158 198 182 205 217 232 245 273 242 222 185 187 153 178 194 239 215 164 144 102 
#    in scenario 8 for all time periods :
96 111 134 152 167 168 171 190 194 211 253 226 234 201 207 153 165 182 185 237 225 172 131 121 108 112 147 155 167 170 201 207 215 209 216 243 239 196 175 160 173 174 181 224 189 184 139 107 98 117 130 168 145 182 192 181 199 239 229 221 237 227 201 187 169 190 199 255 189 182 148 108 106 109 134 154 145 196 209 196 232 242 229 224 252 196 203 164 167 184 179 244 234 168 153 106 
#    in scenario 9 for all time periods :
108 115 130 142 175 196 197 212 227 244 229 235 209 225 199 157 151 178 183 216 199 186 124 113 104 118 155 150 165 176 207 209 206 255 227 245 255 191 203 157 151 160 218 244 229 182 125 106 97 122 134 161 182 166 205 192 227 211 227 243 234 227 218 162 175 190 192 255 196 200 153 107 94 108 153 161 176 200 174 177 217 244 248 273 247 210 177 153 145 164 190 242 199 186 145 115 
# at node 2
#    in scenario 0 for all time periods :
106 121 141 171 147 200 188 199 222 252 250 237 234 191 183 176 175 180 214 214 215 166 148 106 109 122 150 162 175 162 178 188 201 249 245 237 204 213 218 158 147 182 212 242 213 192 145 120 96 104 138 169 147 176 167 203 194 224 256 248 204 234 196 179 151 192 203 234 210 174 145 116 103 106 131 150 180 192 209 218 206 244 264 270 232 225 216 168 176 166 185 252 189 164 124 120 
#    in scenario 1 for all time periods :
91 112 131 164 158 182 186 196 234 234 264 254 216 194 183 174 160 160 207 221 213 162 148 116 99 103 131 138 145 192 176 196 210 221 240 245 234 229 196 160 167 196 183 219 234 192 131 121 96 121 150 149 164 164 186 183 194 224 243 265 216 222 216 183 147 194 212 239 232 160 144 108 94 122 125 155 158 182 180 177 225 247 232 235 216 222 216 176 149 166 177 229 199 160 139 118 
#    in scenario 2 for all time periods :
105 106 133 145 149 198 192 177 196 237 216 254 252 206 183 187 180 168 212 247 208 162 124 123 88 109 134 138 180 164 205 188 196 234 227 270 229 217 192 168 169 184 199 255 232 186 145 115 109 118 153 169 171 180 209 175 199 232 214 245 206 210 179 189 180 196 194 229 199 192 151 115 98 113 144 164 182 200 192 201 206 229 253 273 214 206 199 168 173 164 216 224 191 162 136 115 
#    in scenario 3 for all time periods :
89 111 147 145 178 194 188 194 196 249 245 224 204 236 177 164 175 200 179 204 201 174 147 113 88 102 138 143 164 196 171 218 225 247 261 256 211 191 175 153 149 188 179 234 210 168 142 103 87 126 127 147 165 166 188 212 225 216 258 248 209 215 207 170 147 196 212 237 210 190 138 112 97 126 148 154 162 188 174 185 201 206 243 235 232 232 207 153 158 172 199 252 213 188 125 103 
#    in scenario 4 for all time periods :
94 123 127 147 180 180 199 185 203 244 221 226 204 210 183 160 149 176 205 234 215 198 142 116 104 122 147 169 171 198 199 205 236 237 211 240 232 208 190 187 171 190 205 244 201 186 147 113 106 122 130 169 178 186 171 190 217 247 235 251 211 206 181 168 180 196 196 227 208 172 155 116 103 125 124 155 156 174 167 212 222 249 219 245 204 213 212 191 178 166 179 216 191 168 127 107 
#    in scenario 5 for all time periods :
98 123 127 140 167 178 169 199 227 234 216 273 221 213 218 172 167 198 196 239 222 174 133 113 99 109 136 140 155 188 184 192 210 206 245 270 239 236 183 170 182 196 185 209 191 174 131 127 109 121 131 168 173 164 194 183 220 219 248 270 242 210 212 191 151 174 188 244 225 168 134 120 91 109 144 173 149 192 192 201 232 247 264 273 242 217 185 170 151 174 212 219 220 186 150 121 
#    in scenario 6 for all time periods :
104 121 133 159 149 200 167 185 225 216 214 235 204 220 183 166 145 160 201 214 194 168 144 106 91 106 141 166 169 176 169 177 199 242 235 224 242 236 179 174 169 176 209 216 203 164 155 122 105 118 134 155 164 184 186 190 213 229 250 262 216 189 194 187 149 180 207 221 208 162 147 116 91 126 125 166 160 186 197 190 217 211 248 218 229 220 201 172 176 170 214 247 236 184 153 103 
#    in scenario 7 for all time periods :
93 107 150 145 164 192 186 183 222 239 216 224 221 191 199 162 160 184 188 221 222 182 131 122 103 121 144 164 167 188 205 192 194 227 253 273 219 199 192 179 165 160 212 252 234 176 133 111 107 112 131 164 175 200 182 183 220 244 248 243 255 196 192 181 169 192 207 216 201 190 142 108 95 120 134 166 151 170 182 196 201 244 250 218 237 210 181 157 176 192 207 242 229 180 133 104 
#    in scenario 8 for all time periods :
96 121 125 145 182 160 203 203 210 224 248 254 206 191 183 191 151 160 181 216 194 198 131 103 108 106 134 150 151 200 167 199 189 242 214 256 211 206 216 172 180 166 192 206 210 186 136 123 105 108 151 171 160 164 176 201 199 229 227 232 247 213 205 166 175 176 205 227 203 194 130 108 107 117 151 171 153 192 178 212 196 206 232 245 242 189 212 189 162 172 216 249 232 186 148 103 
#    in scenario 9 for all time periods :
87 107 145 152 176 170 203 175 234 216 224 270 234 194 179 185 182 180 188 239 191 166 124 113 104 106 141 168 156 172 180 179 220 221 211 254 204 236 177 168 180 200 177 229 236 188 125 123 94 117 130 150 173 170 201 183 201 229 240 237 214 225 194 172 182 192 203 211 220 162 145 107 91 118 128 149 165 188 201 179 217 204 243 265 227 236 205 185 180 186 209 252 220 184 142 122 
# at node 3
#    in scenario 0 for all time periods :
92 107 128 162 149 188 209 179 199 206 229 218 242 222 207 181 167 190 175 224 196 166 148 113 98 127 127 138 155 174 180 209 229 204 264 273 214 203 212 174 178 162 190 249 222 194 130 113 103 106 130 150 149 194 197 190 210 224 248 267 204 232 218 191 175 170 181 229 196 188 124 126 99 103 139 145 165 162 167 214 225 244 229 221 229 232 181 183 162 194 214 211 194 174 136 107 
#    in scenario 1 for all time periods :
108 126 153 142 155 162 176 188 236 247 261 267 214 215 196 179 180 200 207 232 189 196 144 125 99 116 144 138 160 194 188 214 196 206 256 267 204 215 201 176 173 188 194 232 220 178 127 112 91 103 133 142 182 162 201 194 213 252 237 224 209 201 175 170 156 194 214 216 217 178 138 106 91 111 125 171 155 176 169 214 210 255 250 240 227 194 201 191 145 200 183 234 194 182 148 125 
#    in scenario 2 for all time periods :
89 127 147 152 178 174 176 179 213 252 256 262 232 215 179 176 153 190 194 249 227 194 153 113 96 113 150 155 147 186 174 177 234 221 258 232 204 236 192 187 167 168 216 255 189 196 124 117 94 112 125 143 171 178 167 185 196 232 214 256 242 201 179 172 165 194 196 224 194 170 142 117 88 104 127 169 169 166 188 214 189 252 237 232 247 201 179 174 162 196 207 227 201 168 155 112 
#    in scenario 3 for all time periods :
96 104 151 145 145 172 205 194 234 204 232 251 234 225 212 191 162 180 177 234 203 182 136 112 96 116 138 161 162 188 194 218 210 255 248 221 214 196 212 178 178 180 207 221 227 172 134 111 91 123 144 173 151 198 188 212 227 216 224 235 216 208 214 166 169 200 188 204 232 162 125 113 88 104 134 161 171 184 197 207 199 211 214 237 227 217 209 158 151 170 216 229 196 180 124 127 
#    in scenario 4 for all time periods :
108 125 150 155 180 166 199 205 227 234 261 240 255 208 199 155 155 190 192 214 229 166 131 102 99 116 148 142 162 166 186 201 210 206 227 267 249 229 177 153 151 180 185 255 213 190 150 127 89 111 145 147 158 170 188 209 199 227 245 229 219 215 205 183 180 198 214 227 213 186 131 103 100 113 136 166 145 178 201 190 208 216 248 237 239 234 192 183 160 188 181 209 220 198 131 112 
#    in scenario 5 for all time periods :
96 120 142 142 145 170 184 205 194 216 219 218 221 189 183 187 175 162 183 204 208 172 133 127 99 126 142 150 156 162 194 216 227 244 232 224 255 210 185 166 164 168 194 242 196 190 124 102 92 112 144 157 155 192 205 183 196 244 232 256 227 208 209 153 175 170 185 244 225 164 124 122 91 118 131 138 155 178 199 207 196 204 232 235 221 215 201 162 155 174 188 229 194 176 141 111 
#    in scenario 6 for all time periods :
108 123 139 138 151 192 169 207 232 211 235 259 224 227 214 170 151 176 177 249 191 186 131 103 106 107 130 145 180 160 180 201 225 227 227 265 219 203 188 166 167 184 183 216 215 172 142 122 99 127 134 169 171 198 174 218 222 229 256 248 219 227 214 181 175 162 190 255 191 180 138 102 107 108 139 166 156 174 174 194 215 239 250 256 221 194 183 157 175 198 214 244 220 194 145 109 
#    in scenario 7 for all time periods :
96 113 150 150 180 180 171 205 199 211 248 254 234 215 177 157 155 182 185 206 201 178 134 103 108 122 142 169 147 184 201 203 220 234 248 245 244 201 199 172 178 200 192 229 206 180 148 112 97 127 133 164 158 184 184 185 194 224 245 224 209 189 212 189 180 160 212 227 236 164 124 121 103 106 147 164 178 184 171 207 196 214 261 265 216 225 194 179 149 160 207 224 217 172 125 117 
#    in scenario 8 for all time periods :
108 103 142 173 169 192 203 190 203 204 258 248 211 213 212 183 182 162 192 234 217 176 142 111 103 102 153 157 176 194 176 183 225 206 243 232 227 210 218 183 158 176 181 239 210 160 125 122 95 102 127 149 182 164 197 181 229 247 216 254 255 213 179 181 147 180 207 219 189 168 155 120 108 113 133 162 149 164 205 192 220 247 229 248 206 208 185 183 160 176 190 219 206 166 155 116 
#    in scenario 9 for all time periods :
99 112 142 147 182 176 186 216 210 227 221 248 219 234 183 170 145 174 192 219 236 196 142 109 99 106 133 161 169 186 205 214 194 221 264 256 249 220 201 166 165 170 209 229 225 194 133 111 91 127 150 161 165 162 205 207 194 227 224 259 211 236 209 185 182 172 194 221 191 188 147 109 101 104 134 173 164 178 192 188 189 211 229 259 211 199 185 155 167 190 207 227 227 200 125 106 
# at node 4
#    in scenario 0 for all time periods :
92 120 131 140 171 174 203 212 203 214 229 262 227 227 207 191 180 190 175 216 227 166 139 118 93 117 155 143 178 182 188 207 232 204 243 243 252 234 218 181 153 196 179 234 236 160 136 120 107 111 139 142 158 200 180 177 203 227 214 245 247 199 216 179 153 196 179 242 232 196 150 102 98 120 125 166 158 164 184 190 208 219 253 221 219 199 203 174 156 196 205 229 234 170 142 123 
#    in scenario 1 for all time periods :
99 107 153 173 182 188 171 179 213 211 219 224 242 191 177 179 169 166 183 229 234 172 138 115 109 107 142 159 147 164 201 190 201 234 253 262 239 189 188 153 173 162 194 237 206 186 124 118 103 122 148 152 162 200 194 203 189 227 219 265 214 208 185 168 173 162 192 206 229 200 133 118 108 120 147 166 176 162 180 194 194 209 211 235 211 217 199 179 176 160 183 255 215 160 133 112 
#    in scenario 2 for all time periods :
88 107 153 168 151 170 201 181 220 206 240 267 232 210 201 174 169 194 203 219 222 180 144 117 97 121 144 152 149 188 199 199 206 211 245 229 219 210 196 166 169 176 207 255 234 194 131 121 104 107 148 150 147 168 171 203 232 239 258 221 204 220 212 172 171 196 190 206 213 162 150 106 96 106 144 145 175 180 171 194 210 209 261 251 216 196 212 172 169 178 185 224 196 180 144 122 
#    in scenario 3 for all time periods :
97 116 141 157 153 172 184 207 236 244 227 267 206 191 214 191 176 170 185 249 194 178 125 126 89 112 131 155 176 168 169 179 229 255 243 221 247 194 199 162 158 186 203 214 206 180 136 108 107 111 133 169 151 194 201 181 196 229 237 273 216 191 177 181 175 200 194 255 217 166 130 115 89 120 147 150 169 200 194 181 217 255 250 221 221 222 190 176 160 172 196 216 206 192 141 111 
#    in scenario 4 for all time periods :
98 109 130 166 149 182 186 181 189 216 248 267 237 222 203 164 156 162 212 229 229 192 131 116 97 102 145 166 178 160 188 203 220 214 229 229 209 201 218 153 164 172 181 247 220 180 151 111 88 103 136 166 156 184 209 175 220 237 224 254 237 189 199 185 176 198 199 234 203 176 147 118 101 113 153 155 167 178 188 214 191 249 245 221 224 236 181 179 167 160 194 234 217 184 150 104 
#    in scenario 5 for all time periods :
99 127 145 143 160 170 184 209 215 239 227 254 229 194 175 158 151 174 207 239 225 174 142 102 87 121 128 142 160 200 205 194 215 239 237 265 244 220 203 155 145 176 194 219 196 182 131 102 87 113 151 171 145 200 174 194 203 211 232 262 244 208 183 160 180 162 209 244 201 168 131 117 98 125 141 162 182 176 190 177 191 219 237 218 247 210 175 164 155 166 214 204 210 180 128 121 
#    in scenario 6 for all time periods :
101 112 155 142 145 174 182 179 227 204 264 218 239 203 209 153 178 200 192 247 234 178 134 123 87 123 134 164 165 160 169 199 189 242 235 224 242 201 196 178 147 198 218 255 217 194 128 113 91 120 128 145 153 166 182 201 229 214 214 229 209 225 175 176 182 182 218 206 225 168 139 109 107 104 153 164 167 186 186 190 189 204 240 259 227 225 209 166 169 170 214 227 222 180 133 120 
#    in scenario 7 for all time periods :
87 120 133 164 182 176 176 205 225 227 229 248 227 220 209 185 173 174 214 214 225 160 142 127 92 103 138 171 165 160 186 188 236 242 229 251 234 213 207 176 178 162 201 209 206 178 124 106 95 122 133 171 178 170 188 183 196 255 224 224 252 225 209 176 156 174 177 211 236 180 138 104 103 102 141 168 165 186 176 190 232 249 240 270 242 210 181 187 155 198 190 227 196 194 141 123 
#    in scenario 8 for all time periods :
94 103 131 159 167 192 192 216 208 227 219 256 239 203 196 158 162 174 207 206 194 172 155 122 94 109 147 140 153 166 192 181 213 237 221 237 229 220 205 164 173 162 179 216 189 188 124 112 89 120 153 150 176 160 174 216 213 229 232 221 239 199 209 168 149 170 183 252 189 170 151 111 98 120 138 145 164 190 167 209 199 224 253 237 224 194 214 153 178 200 185 237 222 178 138 120 
#    in scenario 9 for all time periods :
91 103 134 138 176 162 197 185 208 232 250 259 227 203 216 166 169 172 190 244 225 188 142 109 105 115 139 171 173 178 171 190 220 244 250 251 232 206 214 183 173 186 214 249 236 192 148 104 109 103 155 173 180 172 194 207 229 252 229 235 224 210 203 174 182 170 203 216 189 172 139 111 106 126 139 150 182 174 197 199 206 247 243 248 211 225 185 189 149 200 214 249 191 172 148 127 
# at node 5
#    in scenario 0 for all time periods :
87 104 131 162 169 186 209 177 199 232 240 237 206 222 214 183 160 198 185 224 194 162 125 126 92 103 134 162 160 174 174 209 229 216 250 259 227 215 203 166 151 194 183 232 199 182 133 127 99 115 155 157 176 170 190 214 189 244 258 265 204 234 207 170 158 166 218 242 196 188 133 127 103 118 151 161 149 190 192 188 236 224 214 237 209 220 212 183 165 190 203 234 215 168 127 126 
#    in scenario 1 for all time periods :
97 107 148 168 178 184 188 179 220 206 237 270 209 201 203 191 176 160 188 206 203 200 138 127 97 127 125 143 169 164 180 216 232 204 237 262 209 203 181 170 165 186 177 216 203 190 155 117 96 125 127 161 178 162 201 188 210 211 224 245 219 196 216 153 171 198 196 211 210 176 148 118 88 116 144 162 173 194 190 190 201 247 256 240 221 217 192 183 162 188 188 232 206 194 139 109 
#    in scenario 2 for all time periods :
92 116 124 162 169 186 182 205 213 232 258 240 249 194 175 179 160 160 175 242 191 200 145 113 109 116 124 164 156 174 199 181 191 247 248 218 237 191 185 160 182 174 179 224 199 192 139 118 101 115 148 149 171 160 201 188 203 234 235 265 219 210 179 181 169 200 175 209 208 176 125 116 108 116 155 154 147 198 197 183 210 206 235 224 204 236 185 162 162 194 183 227 208 164 127 108 
#    in scenario 3 for all time periods :
99 106 138 161 178 184 184 190 203 237 224 267 211 215 214 183 175 196 185 211 222 162 139 125 87 113 151 168 151 170 178 179 199 227 256 235 237 232 175 162 169 186 199 221 234 192 138 113 98 103 136 147 167 160 176 203 236 206 258 232 244 229 212 185 180 200 177 255 191 160 136 121 92 115 134 152 145 176 190 209 189 229 264 237 224 194 190 189 153 198 216 209 215 180 150 121 
#    in scenario 4 for all time periods :
106 108 127 142 145 186 203 185 232 239 229 251 214 220 181 179 182 182 196 211 213 200 155 106 99 111 139 152 167 176 186 212 199 247 221 240 214 217 188 176 147 184 177 247 203 162 131 118 100 125 131 150 158 170 201 218 203 209 229 237 227 220 214 153 175 196 181 214 210 194 124 127 91 120 150 142 175 186 209 203 201 252 243 245 234 210 181 157 151 168 188 216 199 186 141 115 
#    in scenario 5 for all time periods :
94 102 153 162 182 178 201 214 213 232 248 229 244 203 177 183 149 188 196 229 234 192 155 125 100 107 131 171 171 192 186 194 201 229 229 229 239 227 214 185 155 162 185 237 213 174 145 112 106 111 155 159 169 160 169 212 191 237 258 218 204 232 216 164 171 162 205 237 229 182 153 127 92 116 147 145 156 176 188 218 194 211 235 243 204 210 183 157 156 190 201 229 210 164 148 125 
#    in scenario 6 for all time periods :
98 116 153 147 147 186 197 181 199 237 248 224 211 194 216 181 175 182 205 229 210 180 131 115 103 118 133 161 153 194 167 188 220 232 253 270 221 196 218 181 160 194 199 255 229 180 150 113 98 117 142 154 153 182 174 199 196 242 258 267 209 220 181 170 173 200 214 211 220 180 144 120 87 106 134 143 158 186 201 212 196 249 235 221 247 236 216 155 178 166 190 237 234 168 131 108 
#    in scenario 7 for all time periods :
91 109 133 143 169 184 182 194 203 249 229 273 206 210 190 179 171 190 175 211 189 188 142 121 106 121 124 169 165 192 171 214 208 237 221 232 244 208 196 164 162 184 179 252 229 170 144 106 109 106 130 149 155 176 169 185 208 204 237 221 209 220 183 187 155 184 175 209 217 162 134 111 106 118 134 159 176 192 182 214 215 204 211 270 249 229 216 153 169 194 201 206 229 168 127 104 
#    in scenario 8 for all time periods :
98 108 150 157 182 196 182 192 208 221 245 240 242 234 190 178 151 170 218 242 201 198 153 117 104 118 134 140 167 182 188 207 203 206 253 273 247 199 181 183 155 188 201 234 234 162 134 116 101 126 145 149 169 198 203 201 234 211 229 235 214 199 199 179 175 170 209 249 229 198 127 123 93 115 127 157 180 194 174 205 203 204 253 256 204 227 183 185 155 192 216 232 225 172 130 123 
#    in scenario 9 for all time periods :
92 117 153 169 158 174 184 194 191 232 248 232 239 220 179 166 162 178 201 255 213 172 136 115 103 106 145 152 160 190 167 209 208 242 232 243 209 227 177 160 151 176 194 234 194 182 141 115 93 112 155 154 176 190 199 194 189 221 256 267 232 210 175 189 164 200 192 237 234 166 130 112 87 113 128 145 162 200 209 199 236 227 237 226 209 227 203 158 164 186 207 209 232 196 142 118 
# at node 6
#    in scenario 0 for all time periods :
89 116 139 168 158 172 201 194 196 239 221 240 209 232 205 191 165 196 192 232 227 192 151 113 107 126 145 169 178 178 186 181 217 239 214 259 252 189 181 155 169 168 214 234 196 176 141 127 106 113 130 157 178 194 192 194 201 242 235 218 242 229 177 185 164 192 181 206 199 196 155 126 107 118 147 169 153 192 197 185 225 206 261 265 216 203 185 168 171 162 190 206 236 200 136 113 
#    in scenario 1 for all time periods :
91 125 136 138 167 178 186 218 208 244 261 259 255 203 190 187 158 172 177 229 199 166 134 104 103 113 124 142 156 174 209 205 232 255 229 251 204 210 203 170 178 200 185 216 189 188 131 115 100 108 155 142 169 170 199 214 227 255 248 267 204 191 196 185 145 162 203 247 210 188 144 103 105 103 134 143 149 192 182 188 222 214 250 251 232 215 216 189 147 194 181 206 220 174 130 104 
#    in scenario 2 for all time periods :
96 104 153 155 164 168 174 212 232 234 245 235 234 232 183 179 156 160 190 242 222 178 124 109 92 109 141 138 171 174 209 207 236 204 250 273 206 203 183 181 173 166 214 252 225 170 155 125 99 127 130 173 176 168 169 203 236 232 253 237 227 199 194 172 151 182 203 211 203 188 145 111 95 125 138 140 149 186 203 190 213 221 227 262 234 236 188 157 167 192 212 244 220 196 130 107 
#    in scenario 3 for all time periods :
92 127 148 159 180 184 190 177 234 206 264 248 247 208 212 170 176 192 190 216 234 196 124 111 96 117 134 168 176 188 194 194 210 249 214 226 211 210 177 160 160 178 194 214 191 164 147 125 107 127 128 154 164 182 169 196 206 232 248 235 211 189 181 160 151 188 203 239 229 168 150 106 100 115 153 147 171 196 167 196 225 247 243 248 249 201 188 153 158 186 218 227 236 192 142 116 
#    in scenario 4 for all time periods :
106 120 127 150 164 178 182 218 201 206 219 265 244 220 194 164 153 184 185 216 234 194 142 103 97 109 133 142 165 168 192 205 201 255 248 245 219 217 188 157 171 162 212 255 201 200 134 125 107 109 142 143 167 200 180 196 236 247 216 245 211 217 203 168 153 172 209 221 220 166 142 111 89 104 134 166 178 170 171 203 196 211 211 237 214 213 207 157 165 188 177 252 189 174 139 109 
#    in scenario 5 for all time periods :
97 112 150 150 178 200 201 212 194 206 253 262 247 229 199 191 160 192 179 224 199 182 144 126 97 112 139 162 165 178 174 188 236 204 253 251 234 199 209 174 158 166 190 234 222 164 130 121 103 112 153 168 155 160 174 192 210 214 224 232 206 199 196 160 180 170 218 214 194 166 124 118 89 123 153 145 158 164 180 207 203 234 245 243 239 236 181 160 153 162 218 211 194 188 145 123 
#    in scenario 6 for all time periods :
93 103 138 157 164 184 190 177 217 244 235 273 216 236 201 170 160 190 190 252 229 184 153 127 94 102 125 155 145 182 209 190 234 227 229 270 232 215 196 170 175 162 188 237 217 192 150 111 98 122 142 168 176 184 197 175 194 204 232 262 252 215 201 158 149 180 199 242 203 180 155 104 100 111 128 161 165 168 174 196 217 239 258 262 249 194 175 183 156 164 196 242 206 200 147 118 
#    in scenario 7 for all time periods :
87 106 144 171 176 164 182 199 236 255 264 243 209 199 177 172 173 166 181 252 208 182 125 102 87 106 150 171 149 174 180 183 206 252 258 243 249 196 175 160 164 170 218 221 232 196 131 127 103 122 153 142 153 184 192 179 225 247 232 273 211 189 177 189 145 198 192 234 196 166 136 125 108 126 150 171 171 172 190 201 222 255 227 270 255 199 181 176 167 178 188 214 196 182 128 116 
#    in scenario 8 for all time periods :
101 118 128 169 153 192 199 205 201 249 216 235 247 222 185 178 147 188 192 234 189 182 155 111 109 115 144 157 165 174 207 209 208 234 264 221 211 236 190 168 173 176 181 206 217 200 127 108 106 104 144 155 162 192 201 179 227 214 253 235 247 208 209 164 167 162 207 209 236 168 134 106 108 103 128 169 169 170 194 196 206 206 264 273 247 222 214 168 169 170 183 224 208 186 155 106 
#    in scenario 9 for all time periods :
105 120 130 155 171 196 203 205 210 234 240 243 242 189 188 168 173 172 209 219 234 174 144 127 95 126 124 143 176 168 180 177 232 252 243 265 229 194 177 191 175 172 216 242 199 180 127 109 97 103 148 166 167 170 182 201 208 206 253 248 227 199 188 166 147 182 214 239 208 188 127 104 101 115 153 138 175 162 190 185 227 204 240 226 209 189 192 176 175 160 207 255 196 190 151 116 
# at node 7
#    in scenario 0 for all time periods :
106 112 124 140 155 174 182 212 213 216 216 240 249 232 190 185 182 176 207 244 232 160 127 120 101 117 142 159 182 190 169 216 201 239 219 254 239 196 183 176 162 170 188 229 199 166 136 106 94 108 138 149 176 162 199 181 215 206 245 259 204 234 199 162 162 166 214 249 217 190 133 108 94 125 133 149 173 188 207 216 215 204 261 224 247 201 181 185 155 174 209 219 222 180 148 126 
#    in scenario 1 for all time periods :
104 115 127 145 165 190 171 201 191 214 243 229 209 217 192 183 169 178 192 242 225 192 150 120 89 109 138 162 169 186 201 190 213 224 221 232 252 194 190 160 173 170 201 237 196 168 147 104 91 117 133 154 165 164 167 209 225 244 248 229 229 208 212 157 153 162 185 237 215 178 148 118 107 116 141 161 180 178 190 207 236 249 253 240 247 199 216 157 180 200 196 255 189 172 144 103 
#    in scenario 2 for all time periods :
93 117 136 155 182 192 205 185 220 237 240 245 214 203 209 191 145 198 181 244 208 162 148 125 100 111 145 140 178 184 192 196 225 252 237 224 255 215 175 191 171 178 203 234 232 184 134 107 91 104 142 173 151 190 167 218 194 234 256 218 244 194 218 160 147 194 212 242 194 190 138 109 106 109 128 142 169 162 182 214 229 206 235 226 221 203 212 189 156 174 179 237 220 178 130 107 
#    in scenario 3 for all time periods :
88 117 127 155 169 192 188 177 210 232 229 251 237 210 199 166 165 174 194 209 206 184 155 116 107 122 134 164 178 184 171 199 206 216 232 245 255 203 218 164 149 166 205 219 227 162 141 125 91 125 134 140 171 182 209 212 222 242 221 254 234 222 183 172 178 172 194 211 191 196 138 120 109 116 131 164 147 170 171 192 206 211 250 267 247 196 209 158 158 198 196 204 229 162 139 118 
#    in scenario 4 for all time periods :
109 125 130 157 147 168 182 175 199 216 250 235 214 194 199 170 158 192 188 221 194 190 153 126 91 117 142 162 153 164 209 207 222 237 240 243 239 210 216 179 155 160 179 214 210 162 139 121 96 126 144 171 175 198 186 185 189 255 227 226 247 208 188 160 178 178 212 232 203 164 151 108 104 104 147 171 182 170 199 183 203 242 250 270 206 234 190 166 164 192 192 229 217 174 130 117 
#    in scenario 5 for all time periods :
104 102 130 147 162 160 203 201 208 227 261 251 219 227 183 178 169 196 214 227 194 184 148 122 89 117 151 161 176 172 209 196 206 249 264 270 214 206 185 166 153 174 181 211 222 178 148 112 97 122 124 143 160 198 190 179 206 237 214 226 209 227 209 168 178 184 209 224 225 164 127 127 92 104 148 161 165 174 186 214 196 255 253 243 239 208 214 157 158 176 207 237 236 178 145 125 
#    in scenario 6 for all time periods :
106 126 144 143 176 192 184 205 191 242 221 221 255 191 199 191 171 166 205 221 220 188 138 125 98 122 142 140 169 172 171 185 189 234 235 256 255 234 177 176 151 168 194 216 236 188 131 107 89 121 139 168 182 196 171 196 213 255 219 224 219 210 177 166 182 186 179 255 220 190 148 127 97 120 128 168 169 164 169 185 234 249 229 237 211 201 212 168 182 194 179 249 236 180 145 118 
#    in scenario 7 for all time periods :
89 125 150 142 178 190 203 201 222 204 219 273 209 232 216 170 176 174 201 252 191 200 131 120 89 121 150 171 173 160 188 212 201 219 253 235 242 222 194 178 178 194 179 204 196 162 150 120 97 118 136 166 178 196 197 212 227 229 248 243 247 203 218 176 167 162 201 237 196 184 145 103 103 115 144 149 165 198 190 207 196 227 211 235 206 217 205 168 158 168 183 252 191 160 148 125 
#    in scenario 8 for all time periods :
91 116 124 149 151 200 197 185 229 211 245 224 244 206 199 185 153 176 179 242 208 176 150 111 106 121 142 162 178 160 167 175 189 214 264 270 232 196 212 178 158 198 175 204 229 168 136 111 87 123 142 140 162 192 178 209 222 252 243 248 252 191 218 189 178 196 199 234 227 186 148 108 93 120 144 155 164 176 201 181 210 206 253 218 214 236 192 160 173 170 214 252 217 174 128 115 
#    in scenario 9 for all time periods :
98 109 150 149 178 182 209 188 206 244 237 267 224 229 212 170 165 162 175 229 206 162 138 112 107 104 128 157 167 184 194 212 206 249 243 251 249 199 190 172 145 190 188 224 196 180 151 121 91 112 133 173 164 194 199 209 196 211 261 240 227 229 199 176 155 182 179 242 213 170 125 126 105 111 155 173 171 180 209 188 196 206 229 245 244 215 214 158 175 176 185 211 234 196 148 127 
# at node 8
#    in scenario 0 for all time periods :
103 121 155 166 155 198 180 201 206 227 261 256 227 199 212 158 178 166 218 227 194 190 134 122 109 125 148 140 169 170 199 218 208 224 258 245 214 189 188 183 182 186 190 234 227 160 145 115 94 108 130 143 158 176 188 212 232 214 243 254 239 194 201 168 162 164 207 216 201 180 138 116 95 107 139 155 167 190 180 175 215 206 240 251 227 215 218 168 164 186 175 211 206 170 153 109 
#    in scenario 1 for all time periods :
97 103 150 154 156 168 197 199 210 244 219 226 234 196 192 160 147 166 205 211 210 174 142 107 91 108 125 138 176 180 194 183 234 206 261 245 242 234 175 172 167 172 185 227 232 166 139 126 92 104 134 147 153 172 174 185 208 229 229 218 252 229 190 176 149 184 201 229 194 186 150 116 103 117 148 168 155 164 176 185 201 221 245 237 242 199 188 183 158 164 218 255 215 172 144 122 
#    in scenario 2 for all time periods :
101 102 147 157 145 184 167 183 191 209 245 259 255 229 199 179 176 196 183 232 229 182 133 102 95 121 155 168 175 188 182 218 194 249 232 237 227 208 196 176 156 180 194 224 201 176 127 123 87 108 131 166 167 198 207 199 217 211 237 267 249 201 196 183 160 184 196 211 196 168 144 118 103 117 144 143 153 172 197 179 208 221 243 235 255 194 196 168 165 164 177 219 196 194 125 117 
#    in scenario 3 for all time periods :
95 102 136 164 155 164 197 194 215 206 264 256 232 215 214 168 151 162 185 211 225 182 145 109 98 126 136 150 175 160 167 188 225 219 211 262 237 213 181 185 169 192 205 219 210 186 136 120 95 104 151 140 151 160 190 212 217 219 264 226 219 220 192 155 162 184 179 244 194 198 130 118 97 123 148 154 160 166 188 216 208 211 237 240 204 234 192 164 176 184 194 244 229 186 130 115 
#    in scenario 4 for all time periods :
96 122 128 150 175 172 176 190 222 206 250 256 234 199 192 170 169 178 201 252 215 184 142 102 109 109 136 149 147 198 197 175 229 255 258 224 237 225 218 187 180 182 196 234 196 172 127 106 99 120 155 140 169 160 174 192 215 227 216 273 221 217 192 162 145 184 214 221 225 194 134 104 106 103 124 154 156 180 194 175 236 237 219 251 206 215 190 191 176 200 205 224 194 166 141 111 
#    in scenario 5 for all time periods :
94 123 139 145 153 168 203 216 191 232 264 254 239 199 212 189 165 198 209 219 215 188 133 108 104 125 124 157 155 162 209 175 227 221 264 243 209 220 203 155 153 188 214 247 199 162 147 107 108 102 145 147 153 166 178 185 232 224 211 256 232 201 205 172 167 168 212 209 215 168 147 117 100 120 150 164 158 196 209 190 196 242 227 245 244 222 214 153 149 174 218 219 222 174 141 103 
#    in scenario 6 for all time periods :
93 126 136 157 173 168 203 179 236 252 227 259 204 191 207 191 145 200 216 242 194 164 130 116 93 115 151 142 162 190 171 196 199 219 227 262 237 222 201 157 155 192 205 221 215 166 128 118 106 115 141 145 173 184 186 212 213 204 224 226 244 201 212 181 151 194 183 249 217 194 131 103 97 103 147 142 175 176 201 177 206 234 248 270 224 215 207 166 178 186 185 211 206 196 155 116 
#    in scenario 7 for all time periods :
107 115 145 168 155 198 174 183 213 204 232 267 234 215 196 155 153 190 192 211 236 196 147 121 95 102 141 140 167 200 169 218 229 219 245 237 209 203 218 168 149 186 194 206 236 160 147 123 96 107 133 143 155 196 180 192 222 255 235 218 234 225 205 162 149 166 212 211 210 178 147 125 92 106 144 145 147 200 194 175 225 232 250 221 221 229 207 178 164 176 218 242 189 162 151 121 
#    in scenario 8 for all time periods :
94 118 125 142 147 196 178 209 222 204 216 248 219 199 181 183 145 160 188 216 203 162 144 113 109 103 133 161 182 188 192 181 199 227 219 245 214 229 218 178 147 184 203 221 191 192 131 109 95 121 131 140 156 186 174 207 236 206 253 237 229 210 207 187 147 164 190 255 220 168 148 121 109 125 134 157 149 178 188 183 201 209 237 273 224 213 190 153 176 170 185 232 194 200 125 118 
#    in scenario 9 for all time periods :
87 121 138 171 162 196 178 199 227 224 250 273 227 206 196 191 156 170 214 237 236 188 131 123 92 103 144 145 156 186 186 190 232 247 237 221 221 220 209 166 147 170 212 214 225 172 144 127 103 107 153 169 145 166 197 212 210 221 227 251 227 227 205 178 164 190 181 209 217 190 144 106 103 112 131 155 160 188 169 209 225 224 216 237 242 220 177 160 156 196 214 242 189 168 155 125 
# at node 9
#    in scenario 0 for all time periods :
107 106 131 138 149 164 178 192 210 221 240 270 237 208 194 160 173 192 183 211 206 194 144 125 89 109 130 152 169 198 194 218 220 209 243 259 229 229 201 183 158 164 212 232 225 164 147 123 89 109 124 155 176 180 205 188 203 219 258 229 229 236 192 170 145 184 216 242 194 172 142 107 98 122 136 154 151 166 182 201 217 224 229 229 211 208 192 181 160 170 216 211 206 176 130 126 
#    in scenario 1 for all time periods :
97 102 138 162 182 164 171 205 227 209 253 256 252 191 194 164 173 176 179 252 199 164 153 112 108 103 142 159 158 186 186 190 215 234 229 224 242 220 190 187 175 166 203 244 196 190 136 115 95 123 131 166 175 182 201 190 210 252 237 237 232 227 196 155 178 184 207 206 232 166 131 113 108 102 131 149 145 190 190 194 227 244 240 243 237 213 179 187 176 160 177 252 220 164 155 123 
#    in scenario 2 for all time periods :
104 113 138 154 147 194 171 207 229 209 256 240 239 199 183 157 160 168 183 229 232 160 139 103 98 106 142 138 175 198 178 205 227 239 216 240 252 213 181 187 155 194 212 255 206 160 148 112 87 121 139 142 151 190 188 201 217 255 261 224 227 232 201 158 182 200 175 252 213 170 151 127 89 104 138 145 178 166 190 212 222 242 264 224 209 217 175 158 145 196 199 237 201 186 136 115 
#    in scenario 3 for all time periods :
91 126 155 150 158 192 201 194 208 206 258 251 216 225 190 158 164 192 188 239 234 164 133 111 99 123 148 155 151 162 188 209 229 214 243 240 244 191 212 155 167 190 212 232 191 188 147 120 92 107 148 149 182 172 192 205 194 224 250 265 211 210 181 155 145 168 205 229 225 160 142 121 94 111 148 168 153 162 178 192 229 232 237 262 206 217 199 160 149 182 190 219 199 192 134 123 
#    in scenario 4 for all time periods :
100 111 147 142 151 168 197 190 215 232 240 273 204 206 175 189 171 192 192 242 203 182 151 115 88 106 128 161 155 176 184 207 203 204 211 259 247 213 218 158 173 194 177 234 194 176 127 127 105 102 141 173 164 188 205 199 236 242 229 254 244 225 179 153 155 174 192 209 229 176 145 126 87 113 136 173 151 180 178 199 201 206 229 229 234 227 185 176 160 180 188 247 208 192 133 118 
#    in scenario 5 for all time periods :
88 106 155 161 145 198 190 207 222 219 216 218 209 194 175 176 147 170 190 232 227 172 139 112 106 123 147 157 167 182 169 183 220 237 256 270 247 196 194 176 176 194 175 209 210 194 144 104 94 127 127 154 178 198 197 199 217 204 221 229 209 206 203 183 180 184 218 242 191 192 139 115 87 104 138 150 160 180 201 175 234 249 227 243 209 213 214 162 176 186 181 237 189 200 144 123 
#    in scenario 6 for all time periods :
93 116 138 168 167 190 188 214 229 229 211 218 234 229 218 153 167 198 181 237 236 160 141 104 100 108 150 169 169 186 186 214 201 255 258 265 242 217 190 187 162 160 207 209 220 160 151 113 87 109 150 155 158 186 207 205 191 247 229 243 242 215 207 185 165 182 203 232 215 184 127 107 107 104 141 150 145 186 209 201 220 249 224 232 242 217 203 160 153 188 201 211 220 198 145 120 
#    in scenario 7 for all time periods :
88 117 133 150 182 166 197 183 208 206 253 226 234 229 218 158 155 190 181 221 210 160 153 117 109 120 144 159 158 168 171 201 227 216 232 270 252 220 179 160 156 184 216 234 215 190 138 116 99 115 141 145 165 192 201 203 196 221 250 229 244 225 177 160 182 162 212 206 201 168 125 108 96 115 142 173 162 180 186 205 217 234 264 229 239 213 185 170 158 162 203 234 215 198 151 115 
#    in scenario 8 for all time periods :
104 102 150 166 155 166 201 190 189 239 221 259 249 196 185 158 160 166 205 211 229 194 134 109 94 121 155 152 151 178 180 203 196 249 264 218 227 206 188 179 156 176 177 237 203 198 134 109 103 103 155 154 165 194 203 218 229 224 219 232 214 208 183 183 149 198 194 206 206 174 145 109 89 115 138 143 155 162 199 194 210 252 243 262 221 196 205 178 176 194 201 209 206 178 141 118 
#    in scenario 9 for all time periods :
101 103 133 171 151 166 197 181 234 249 256 267 252 222 190 187 162 160 209 237 199 186 153 108 89 126 134 145 182 192 201 205 191 242 237 226 234 215 181 157 169 192 207 244 217 192 124 106 103 102 150 169 147 178 182 212 234 242 227 248 206 213 214 191 160 160 181 214 199 160 138 102 98 106 142 173 153 160 192 183 206 211 245 251 214 229 194 191 178 166 192 247 208 190 138 102 
# at node 10
#    in scenario 0 for all time periods :
93 117 151 166 173 168 186 188 194 234 264 259 252 191 196 187 165 196 185 237 236 192 150 107 95 113 145 152 180 160 207 216 191 214 264 237 224 196 216 183 149 172 199 234 234 174 142 126 95 106 142 143 171 186 174 203 189 232 240 254 247 199 203 153 162 160 181 252 206 174 136 126 97 111 142 149 155 160 197 192 206 211 245 270 206 196 183 178 160 186 192 244 222 176 148 104 
#    in scenario 1 for all time periods :
109 113 148 169 151 160 176 212 220 214 219 262 242 225 207 185 178 182 188 204 217 192 148 125 103 117 131 149 145 190 192 177 206 216 243 221 239 210 192 164 165 188 205 232 203 174 141 108 106 104 130 155 145 188 203 201 208 247 235 270 244 236 196 170 175 184 175 229 215 198 155 120 101 111 131 155 155 190 190 203 213 232 227 229 247 208 199 160 178 162 201 252 208 172 139 102 
#    in scenario 2 for all time periods :
107 111 147 157 162 174 205 196 194 249 229 235 242 196 183 164 165 194 205 244 210 198 127 111 94 117 155 171 151 162 205 179 217 237 240 254 211 229 188 164 180 184 192 249 199 168 136 126 95 102 130 145 167 194 190 216 229 232 214 259 255 189 199 160 160 196 207 237 196 174 147 109 106 123 127 159 173 176 209 188 191 244 253 240 234 196 181 178 175 192 218 234 194 166 142 121 
#    in scenario 3 for all time periods :
107 104 128 154 182 192 167 183 222 244 248 229 206 227 183 191 151 170 212 255 227 162 124 104 100 108 125 142 171 192 205 179 189 255 253 226 214 203 177 158 153 172 194 255 203 180 131 115 97 103 131 155 175 188 182 199 227 242 235 235 209 236 194 164 167 198 183 234 236 200 148 113 91 107 151 149 165 186 194 203 227 252 258 243 242 217 218 168 182 168 196 232 234 162 127 106 
#    in scenario 4 for all time periods :
103 122 142 154 149 190 176 196 225 219 243 226 247 201 179 172 180 164 214 232 194 200 145 123 97 116 155 142 151 172 169 179 234 229 227 273 216 220 181 158 149 182 179 255 213 166 131 106 95 102 125 161 145 192 194 203 232 244 264 254 237 210 188 191 171 182 207 219 220 182 128 121 92 106 131 168 173 184 190 192 236 249 219 243 214 201 177 157 149 200 216 255 213 186 131 108 
#    in scenario 5 for all time periods :
95 112 125 145 167 184 205 199 236 237 237 265 221 234 207 189 182 180 194 221 208 162 127 118 107 111 130 152 175 192 209 192 203 229 258 273 232 217 205 191 180 200 212 249 201 186 124 118 94 107 131 161 158 168 174 175 210 214 232 237 242 189 205 176 167 194 209 216 229 190 134 120 95 102 127 138 175 184 205 205 203 219 250 256 216 215 183 189 178 200 194 239 232 188 150 120 
#    in scenario 6 for all time periods :
93 118 142 171 182 192 167 209 222 229 232 218 229 208 212 157 147 196 190 239 206 186 131 125 89 111 144 150 162 200 192 216 213 249 264 218 237 208 183 176 164 184 209 232 199 182 131 116 96 102 130 150 180 176 174 181 199 204 211 262 252 189 179 185 149 170 179 242 227 162 125 126 107 104 124 143 169 190 169 218 215 216 227 254 224 201 183 168 153 178 185 219 217 192 153 127 
#    in scenario 7 for all time periods :
98 104 139 169 162 180 199 185 210 206 219 237 229 194 181 178 160 198 190 214 229 178 139 118 88 116 136 142 182 192 182 181 236 206 229 259 206 208 175 166 173 172 214 229 206 164 127 118 91 109 148 161 180 168 186 192 206 249 250 270 249 225 194 164 149 194 201 242 213 196 150 103 97 122 151 169 155 178 199 177 225 239 229 273 239 217 177 178 173 186 181 229 213 188 153 115 
#    in scenario 8 for all time periods :
94 111 124 159 155 160 197 188 191 211 235 265 221 213 203 170 162 168 203 252 189 178 145 125 89 102 130 147 162 200 184 218 199 239 261 262 209 189 192 155 182 198 214 229 225 174 148 123 106 103 151 162 158 174 207 192 225 237 261 245 247 189 179 166 158 172 214 242 234 188 125 127 106 125 124 159 155 180 184 209 225 216 256 226 227 232 196 164 180 180 183 221 234 188 151 123 
#    in scenario 9 for all time periods :
105 108 151 147 180 180 171 190 203 224 248 243 239 217 181 178 160 170 179 232 189 160 133 112 87 123 147 171 182 166 176 203 203 252 243 265 224 225 194 174 180 188 212 234 222 174 131 109 99 113 144 142 165 166 190 205 191 204 221 254 209 194 218 185 149 188 183 214 227 198 147 127 105 111 134 166 164 190 184 192 222 227 224 265 227 213 203 170 175 170 181 237 220 188 150 122 
#Maximum capacity P+gs :
# generator 0 for all scenarios
464 391 532 469 464 450 528 514 505 528 
# generator 1 for all scenarios
405 446 373 446 532 505 491 464 519 496 
# generator 2 for all scenarios
116 155 139 121 139 142 148 109 113 155 
# generator 3 for all scenarios
113 110 135 153 113 142 104 139 107 110 
# generator 4 for all scenarios
175 136 152 168 183 156 134 168 188 139 
# generator 5 for all scenarios
74 74 91 78 89 64 68 92 90 79 
# generator 6 for all scenarios
71 94 68 70 101 81 87 76 79 90 
# generator 7 for all scenarios
63 63 64 45 53 46 64 57 54 50 
# generator 8 for all scenarios
56 58 50 60 47 65 61 52 63 49 
# generator 9 for all scenarios
44 59 60 53 54 46 62 50 65 63 
# generator 10 for all scenarios
491 437 414 482 464 532 541 519 491 501 
# generator 11 for all scenarios
455 364 469 428 414 405 391 450 478 523 
# generator 12 for all scenarios
105 122 116 147 125 152 156 126 131 148 
# generator 13 for all scenarios
122 143 150 112 126 155 126 134 107 120 
# generator 14 for all scenarios
141 138 136 139 183 147 193 130 170 188 
# generator 15 for all scenarios
67 67 94 70 80 83 74 93 88 96 
# generator 16 for all scenarios
89 69 68 77 90 71 97 81 76 88 
# generator 17 for all scenarios
47 50 53 63 48 52 63 63 50 57 
# generator 18 for all scenarios
63 48 51 50 59 62 52 61 65 47 
# generator 19 for all scenarios
65 64 57 54 58 45 53 64 56 62 
#Minimum capacity P-gs:
# generator 0 for all scenarios
162 144 162 134 132 177 171 148 148 138 
# generator 1 for all scenarios
130 174 164 154 171 130 156 169 152 174 
# generator 2 for all scenarios
18 24 19 19 23 21 20 16 20 17 
# generator 3 for all scenarios
18 18 18 24 24 16 17 20 17 18 
# generator 4 for all scenarios
26 29 25 26 28 29 30 28 27 21 
# generator 5 for all scenarios
23 18 19 23 18 22 23 24 21 21 
# generator 6 for all scenarios
27 24 28 24 21 28 24 22 20 25 
# generator 7 for all scenarios
10 9 10 11 10 12 9 8 12 10 
# generator 8 for all scenarios
10 8 10 12 10 9 12 11 9 9 
# generator 9 for all scenarios
12 9 9 10 12 8 11 11 10 9 
# generator 10 for all scenarios
140 128 122 180 154 122 140 142 171 142 
# generator 11 for all scenarios
164 140 180 156 130 160 135 140 138 122 
# generator 12 for all scenarios
23 20 20 17 21 18 22 17 20 16 
# generator 13 for all scenarios
20 23 23 19 17 21 23 18 21 20 
# generator 14 for all scenarios
30 22 25 29 25 24 25 22 26 25 
# generator 15 for all scenarios
24 18 22 20 18 20 21 24 17 17 
# generator 16 for all scenarios
26 29 20 23 26 29 22 25 24 20 
# generator 17 for all scenarios
10 10 11 11 9 8 8 10 10 8 
# generator 18 for all scenarios
10 10 10 11 12 10 10 11 9 8 
# generator 19 for all scenarios
11 11 11 11 12 11 10 9 11 11 
#Maximum ramping for all generators R+g :
250 250 80 80 25 20 25 10 10 10 250 250 80 80 25 20 25 10 10 10 
#Minimum ramping for all generators R-g :
150 150 20 20 25 20 25 10 10 10 150 150 20 20 25 20 25 10 10 10 
#Minimum up time for all generators UTg :
8 8 5 5 6 3 3 1 1 1 8 8 5 5 6 3 3 1 1 1 
#Minimum down time for all generators DTg :
8 8 5 5 6 3 3 1 1 1 8 8 5 5 6 3 3 1 1 1 
#Number of period : N=T
#Total reserve for all time periods Tt : 
60.0 70.0 85.0 95.0 100.0 110.0 115.0 120.0 130.0 140.0 145.0 150.0 140.0 130.0 120.0 105.0 100.0 110.0 120.0 140.0 130.0 110.0 85.0 70.0 60.0 70.0 85.0 95.0 100.0 110.0 115.0 120.0 130.0 140.0 145.0 150.0 140.0 130.0 120.0 105.0 100.0 110.0 120.0 140.0 130.0 110.0 85.0 70.0 60.0 70.0 85.0 95.0 100.0 110.0 115.0 120.0 130.0 140.0 145.0 150.0 140.0 130.0 120.0 105.0 100.0 110.0 120.0 140.0 130.0 110.0 85.0 70.0 60.0 70.0 85.0 95.0 100.0 110.0 115.0 120.0 130.0 140.0 145.0 150.0 140.0 130.0 120.0 105.0 100.0 110.0 120.0 140.0 130.0 110.0 85.0 70.0 
#Fast reserve for all time periods Ft : 
12.0 14.0 17.0 19.0 20.0 22.0 23.0 24.0 26.0 28.0 29.0 30.0 28.0 26.0 24.0 21.0 20.0 22.0 24.0 28.0 26.0 22.0 17.0 14.0 12.0 14.0 17.0 19.0 20.0 22.0 23.0 24.0 26.0 28.0 29.0 30.0 28.0 26.0 24.0 21.0 20.0 22.0 24.0 28.0 26.0 22.0 17.0 14.0 12.0 14.0 17.0 19.0 20.0 22.0 23.0 24.0 26.0 28.0 29.0 30.0 28.0 26.0 24.0 21.0 20.0 22.0 24.0 28.0 26.0 22.0 17.0 14.0 12.0 14.0 17.0 19.0 20.0 22.0 23.0 24.0 26.0 28.0 29.0 30.0 28.0 26.0 24.0 21.0 20.0 22.0 24.0 28.0 26.0 22.0 17.0 14.0 
#Susceptance Bls : 
#Line 0 in all scenarios
0.79 0.65 0.74 0.89 0.61 0.7 0.69 0.64 0.9 0.77 
#Line 1 in all scenarios
0.73 0.84 0.72 0.86 0.74 0.68 0.89 0.86 0.64 0.74 
#Line 2 in all scenarios
0.76 0.79 0.87 0.81 0.71 0.61 0.68 0.73 0.61 0.83 
#Line 3 in all scenarios
0.85 0.81 0.76 0.8 0.64 0.82 0.69 0.79 0.65 0.63 
#Line 4 in all scenarios
0.7 0.69 0.74 0.72 0.71 0.67 0.72 0.8 0.66 0.61 
#Line 5 in all scenarios
0.72 0.7 0.81 0.66 0.76 0.88 0.77 0.63 0.87 0.71 
#Line 6 in all scenarios
0.8 0.81 0.68 0.6 0.74 0.62 0.65 0.85 0.6 0.68 
#Line 7 in all scenarios
0.67 0.66 0.8 0.78 0.81 0.63 0.82 0.71 0.6 0.63 
#Line 8 in all scenarios
0.68 0.74 0.65 0.9 0.68 0.72 0.69 0.65 0.62 0.83 
#Line 9 in all scenarios
0.74 0.72 0.65 0.6 0.9 0.76 0.66 0.88 0.72 0.82 
#Line 10 in all scenarios
0.86 0.68 0.63 0.78 0.77 0.65 0.81 0.87 0.8 0.71 
#Line 11 in all scenarios
0.61 0.65 0.81 0.62 0.89 0.84 0.67 0.8 0.65 0.89 
#Line 12 in all scenarios
0.68 0.76 0.84 0.66 0.65 0.74 0.81 0.76 0.73 0.85 
#Line 13 in all scenarios
0.89 0.71 0.66 0.86 0.79 0.61 0.79 0.65 0.67 0.8 
#Line 14 in all scenarios
0.77 0.9 0.76 0.74 0.89 0.85 0.6 0.77 0.64 0.81 
#Line 15 in all scenarios
0.73 0.88 0.62 0.66 0.76 0.82 0.82 0.84 0.82 0.65 
#Line 16 in all scenarios
0.86 0.61 0.8 0.85 0.86 0.62 0.78 0.6 0.68 0.69 
#Line 17 in all scenarios
0.77 0.78 0.73 0.89 0.74 0.6 0.69 0.9 0.78 0.78 
#Line 18 in all scenarios
0.79 0.64 0.89 0.74 0.74 0.79 0.77 0.75 0.66 0.62 
#Line 19 in all scenarios
0.66 0.66 0.86 0.77 0.79 0.64 0.62 0.64 0.75 0.74 
#Line 20 in all scenarios
0.63 0.64 0.73 0.89 0.89 0.7 0.67 0.86 0.67 0.83 
#Line 21 in all scenarios
0.79 0.74 0.82 0.75 0.62 0.62 0.72 0.62 0.76 0.7 
#Line 22 in all scenarios
0.71 0.86 0.73 0.88 0.75 0.62 0.68 0.8 0.83 0.69 
#Line 23 in all scenarios
0.75 0.83 0.64 0.81 0.71 0.77 0.62 0.9 0.7 0.66 
#Line 24 in all scenarios
0.9 0.62 0.86 0.89 0.65 0.67 0.65 0.73 0.61 0.65 
#Line 25 in all scenarios
0.69 0.74 0.81 0.82 0.75 0.73 0.87 0.79 0.86 0.82 
#Line 26 in all scenarios
0.72 0.69 0.75 0.61 0.75 0.84 0.6 0.81 0.64 0.72 
#Line 27 in all scenarios
0.62 0.62 0.72 0.74 0.77 0.72 0.89 0.69 0.87 0.63 
#Line 28 in all scenarios
0.76 0.73 0.85 0.74 0.86 0.8 0.8 0.78 0.86 0.86 
#Line 29 in all scenarios
0.71 0.8 0.89 0.76 0.65 0.87 0.89 0.61 0.63 0.63 
#Line 30 in all scenarios
0.81 0.89 0.67 0.73 0.9 0.67 0.83 0.7 0.84 0.7 
#Line 31 in all scenarios
0.9 0.69 0.85 0.64 0.8 0.64 0.72 0.6 0.79 0.8 
#Line 32 in all scenarios
0.67 0.66 0.77 0.69 0.9 0.67 0.89 0.88 0.72 0.68 
#Maximum capacity of all lines TCl : 
667 667 667 667 667 667 667 667 667 667 667 667 667 667 667 667 667 667 667 667 667 667 667 667 667 667 667 667 667 667 667 667 667 
#Fast reserve limit of all generators FRg : 
250 250 80 80 25 20 25 10 10 10 250 250 80 80 25 20 25 10 10 10 
#No import groups ICj 
#No polarity gamma-jl 
